[10, 4, 3] [1, 1] [2]
[10, 6, 3] [1, 1] [2]
[10, 8, 3] [2, 2] [4]
[10, 10, 3] [2, 2] [4]
[13, 4, 6] [1, 1] [2]
[15, 4, 6] [2, 2] [4]
[15, 6, 6] [2, 2] [4]
[15, 8, 6] [4, 4] [8]
[15, 10, 6] [4, 4] [8]
[20, 3, 2] [1, 1, 1, 1] [1, 1, 2]
[20, 7, 2] [1, 1, 1, 1, 12] [1, 1, 2, 12]
[21, 3, 2] [1, 1] [2]
[21, 4, 7] [1, 1, 4] [2, 4]
[21, 5, 2] [3, 3] [6]
[21, 7, 2] [4, 4] [8]
[21, 9, 2] [5, 5] [10]
[21, 10, 7] [1, 1, 20] [2, 20]
[25, 4, 6] [1, 1, 1, 1] [2, 2]
[25, 6, 6] [1, 1, 2, 2] [2, 4]
[25, 8, 6] [1, 1, 2, 2, 2, 2] [2, 4, 4]
[25, 10, 6] [1, 1, 2, 2, 3, 3] [2, 4, 6]
[26, 2, 3] [1, 1] [2]
[26, 4, 3] [2, 2] [4]
[26, 4, 6] [4, 4] [8]
[26, 6, 3] [1, 1, 1, 1] [2, 2]
[26, 6, 6] [6, 6] [12]
[26, 8, 3] [5, 5] [10]
[26, 8, 6] [8, 8] [16]
[26, 10, 3] [5, 5] [10]
[26, 10, 6] [10, 10] [20]
[28, 5, 8] [1, 1] [2]
[30, 2, 5] [1, 1] [2]
[30, 4, 5] [1, 1] [2]
[30, 6, 5] [1, 1, 2, 2] [2, 4]
[30, 8, 5] [1, 1, 2, 2] [2, 4]
[30, 10, 5] [2, 2, 3, 3] [4, 6]
[31, 2, 1] [1, 1] [2]
[32, 3, 7] [1, 1] [2]
[32, 5, 7] [1, 1, 1, 1] [2, 2]
[32, 7, 7] [1, 1, 2, 2] [2, 4]
[32, 9, 7] [2, 2, 2, 2] [4, 4]
[34, 2, 5] [1, 1] [2]
[34, 4, 5] [1, 1, 1, 1] [2, 2]
[35, 2, 3] [2, 2] [4]
[35, 2, 12] [1, 1] [2]
[35, 3, 11] [1, 1, 2, 2] [1, 1, 4]
[35, 4, 12] [5, 5] [10]
[35, 6, 12] [7, 7] [14]
[35, 8, 12] [11, 11] [22]
[35, 10, 12] [13, 13] [26]
[36, 3, 2] [1, 1, 1, 1] [1, 1, 2]
[36, 5, 2] [1, 2, 2, 4] [1, 4, 4]
[36, 7, 2] [1, 1, 2, 3, 3, 4] [1, 1, 2, 4, 6]
[36, 9, 2] [1, 2, 4, 4, 8] [1, 2, 8, 8]
[37, 2, 2] [2, 2] [4]
[37, 2, 9] [1, 1] [2]
[37, 4, 9] [4, 4] [8]
[39, 2, 12] [1, 1] [2]
[39, 3, 2] [1, 1, 2, 2, 2] [2, 2, 4]
[39, 3, 7] [4, 4] [8]
[39, 4, 8] [2, 2, 20] [4, 20]
[39, 5, 7] [10, 10] [20]
[39, 7, 2] [1, 1, 1, 1, 2, 20] [2, 2, 2, 20]
[39, 7, 7] [14, 14] [28]
[39, 9, 7] [18, 18] [36]
[39, 10, 8] [2, 2, 76] [4, 76]
[40, 2, 10] [2, 2] [4]
[40, 2, 11] [1, 1] [2]
[40, 4, 10] [6, 6] [12]
[40, 4, 11] [2, 2] [4]
[40, 6, 10] [10, 10] [20]
[40, 6, 11] [4, 4] [8]
[40, 8, 10] [14, 14] [28]
[40, 8, 11] [1, 1, 4, 4] [2, 8]
[40, 10, 10] [18, 18] [36]
[40, 10, 11] [7, 7] [14]
[41, 2, 2] [1, 1] [2]
[41, 6, 2] [1, 1, 14] [2, 14]
[42, 3, 7] [2, 2] [4]
[42, 5, 7] [2, 2] [4]
[42, 7, 7] [4, 4] [8]
[42, 9, 7] [6, 6] [12]
[45, 2, 3] [4, 4] [8]
[45, 4, 12] [2, 2, 2] [2, 4]
[45, 6, 12] [2, 2, 2, 2, 4] [2, 2, 4, 4]
[45, 8, 12] [2, 2, 4, 4, 4] [2, 2, 4, 8]
[45, 10, 12] [2, 4, 4, 4, 8] [2, 4, 8, 8]
[49, 2, 6] [6, 6, 6] [6, 12]
[49, 5, 2] [2, 2, 8] [4, 8]
[49, 7, 2] [1, 1, 2, 2, 12] [2, 4, 12]
[49, 9, 2] [4, 4, 16] [8, 16]
[50, 2, 2] [4, 4] [8]
[50, 2, 6] [1, 1] [2]
[50, 4, 2] [16, 16] [32]
[50, 4, 6] [1, 1, 1, 1] [2, 2]
[50, 6, 2] [24, 24] [48]
[50, 6, 6] [1, 1, 1, 1, 1, 1, 1, 1] [2, 2, 2, 2]
[50, 8, 2] [36, 36] [72]
[50, 8, 6] [1, 1, 1, 1, 1, 1, 1, 1, 1, 1] [2, 2, 2, 2, 2]
[50, 10, 2] [44, 44] [88]
[50, 10, 6] [1, 1, 1, 1, 1, 1, 1, 1, 1, 1, 2, 2] [2, 2, 2, 2, 2, 4]
[51, 2, 3] [1, 1, 1, 1] [2, 2]
[51, 2, 6] [4, 4] [8]
[51, 2, 9] [4, 4] [8]
[51, 4, 1] [1, 1, 1, 1, 1, 3] [1, 1, 1, 2, 3]
[51, 4, 3] [4, 4] [8]
[51, 4, 6] [20, 20] [40]
[51, 4, 9] [8, 8] [16]
[51, 6, 3] [8, 8] [16]
[51, 6, 6] [28, 28] [56]
[51, 6, 9] [16, 16] [32]
[51, 8, 3] [10, 10] [20]
[51, 8, 6] [44, 44] [88]
[51, 8, 9] [20, 20] [40]
[51, 10, 3] [14, 14] [28]
[51, 10, 6] [52, 52] [104]
[51, 10, 9] [28, 28] [56]
[52, 3, 6] [2, 2, 20] [4, 20]
[52, 3, 12] [1, 1, 1, 1, 8] [1, 1, 2, 8]
[52, 4, 3] [1, 1, 2] [2, 2]
[52, 5, 4] [2, 2, 48] [4, 48]
[52, 7, 6] [2, 2, 76] [4, 76]
[52, 7, 12] [1, 1, 1, 1, 36] [1, 1, 2, 36]
[52, 9, 4] [2, 2, 104] [4, 104]
[55, 3, 2] [1, 1, 2, 2, 2, 2] [2, 2, 2, 4]
[55, 3, 11] [4, 4] [8]
[55, 5, 11] [8, 8] [16]
[55, 7, 2] [1, 1, 2, 2, 28] [2, 2, 2, 28]
[55, 7, 11] [12, 12] [24]
[55, 9, 11] [16, 16] [32]
[56, 4, 13] [2, 2, 2, 16] [2, 4, 16]
[57, 3, 11] [1, 1, 2, 2] [2, 4]
[57, 4, 2] [1, 1, 4, 12] [2, 4, 12]
[57, 5, 11] [7, 7] [14]
[57, 7, 11] [10, 10] [20]
[57, 9, 11] [13, 13] [26]
[57, 10, 2] [1, 1, 56] [2, 56]
[58, 2, 2] [6, 6] [12]
[58, 2, 6] [1, 1] [2]
[58, 4, 2] [24, 24] [48]
[58, 4, 6] [4, 4] [8]
[58, 6, 2] [36, 36] [72]
[58, 6, 6] [6, 6] [12]
[58, 8, 2] [54, 54] [108]
[58, 8, 6] [9, 9] [18]
[58, 10, 2] [66, 66] [132]
[58, 10, 6] [11, 11] [22]
[60, 2, 9] [4, 4] [8]
[60, 2, 10] [1, 1] [2]
[60, 3, 4] [2, 2, 8] [4, 8]
[60, 3, 12] [2, 2] [4]
[60, 4, 9] [12, 12] [24]
[60, 4, 10] [1, 1] [2]
[60, 6, 9] [20, 20] [40]
[60, 6, 10] [3, 3] [6]
[60, 8, 9] [28, 28] [56]
[60, 8, 10] [1, 1, 2, 2] [2, 4]
[60, 10, 9] [36, 36] [72]
[60, 10, 10] [5, 5] [10]
[61, 2, 12] [2, 2] [4]
[63, 3, 4] [1, 1, 1, 2] [1, 2, 2]
[63, 5, 4] [1, 2, 3, 3, 4] [1, 2, 4, 6]
[63, 7, 4] [1, 1, 1, 2, 2, 4, 4, 4] [1, 2, 2, 2, 4, 8]
[63, 9, 4] [1, 2, 4, 5, 5, 8] [1, 2, 4, 8, 10]
[64, 2, 10] [1, 1] [2]
[64, 3, 2] [2, 2] [4]
[64, 3, 9] [1, 1, 1] [1, 2]
[64, 4, 10] [1, 1, 2, 2] [2, 4]
[64, 5, 2] [2, 2, 2, 2] [4, 4]
[64, 5, 9] [1, 1, 1, 1, 1, 2] [1, 2, 2, 2]
[64, 6, 10] [1, 1, 4, 4] [2, 8]
[64, 7, 2] [2, 2, 4, 4] [4, 8]
[64, 7, 9] [1, 1, 1, 2, 2, 2, 2] [1, 2, 2, 2, 4]
[64, 8, 10] [1, 1, 2, 2, 4, 4] [2, 4, 8]
[64, 9, 2] [2, 2, 6, 6] [4, 12]
[64, 9, 9] [1, 2, 2, 2, 2, 2, 2, 2] [1, 2, 2, 2, 4, 4]
[64, 10, 10] [1, 1, 2, 2, 6, 6] [2, 4, 12]
[65, 2, 1] [1, 1, 1, 2] [1, 2, 2]
[65, 2, 3] [1, 1, 1, 1] [2, 2]
[65, 2, 6] [4, 4] [8]
[65, 2, 15] [4, 4] [8]
[65, 2, 18] [3, 3] [6]
[65, 2, 20] [3, 3] [6]
[65, 4, 1] [1, 1, 1, 2, 2, 5] [1, 2, 2, 2, 5]
[65, 4, 3] [1, 1, 1, 1, 16] [2, 2, 16]
[65, 4, 6] [14, 14] [28]
[65, 4, 18] [7, 7] [14]
[65, 4, 20] [1, 1, 8, 8] [2, 16]
[65, 6, 6] [24, 24] [48]
[65, 6, 18] [4, 4, 7, 7] [8, 14]
[65, 6, 20] [15, 15] [30]
[65, 8, 6] [32, 32] [64]
[65, 8, 18] [17, 17] [34]
[65, 8, 20] [21, 21] [42]
[65, 10, 6] [42, 42] [84]
[65, 10, 18] [21, 21] [42]
[65, 10, 20] [27, 27] [54]
[68, 2, 10] [1, 1] [2]
[68, 3, 2] [1, 1, 2, 12] [2, 2, 12]
[68, 5, 2] [1, 1, 1, 1, 2, 28] [1, 1, 2, 2, 28]
[68, 7, 2] [1, 1, 2, 48] [2, 2, 48]
[68, 9, 2] [1, 1, 1, 1, 2, 64] [1, 1, 2, 2, 64]
[70, 2, 4] [2, 2, 2, 2] [4, 4]
[70, 2, 11] [2, 2] [4]
[70, 4, 4] [12, 12] [24]
[70, 4, 11] [1, 1, 3, 3] [2, 6]
[70, 6, 4] [20, 20] [40]
[70, 6, 11] [1, 1, 1, 1, 1, 1, 5, 5] [2, 2, 2, 10]
[70, 8, 4] [28, 28] [56]
[70, 8, 11] [1, 1, 1, 1, 2, 2, 6, 6] [2, 2, 4, 12]
[70, 10, 4] [36, 36] [72]
[70, 10, 11] [6, 6, 8, 8] [12, 16]
[72, 2, 4] [2, 2] [4]
[73, 2, 4] [2, 4, 4] [2, 8]
[74, 2, 2] [2, 2] [4]
[74, 2, 5] [6, 6] [12]
[74, 2, 7] [2, 2, 2, 2] [4, 4]
[74, 4, 2] [5, 5] [10]
[74, 4, 5] [30, 30] [60]
[74, 4, 7] [10, 10] [20]
[74, 6, 2] [7, 7] [14]
[74, 6, 5] [48, 48] [96]
[74, 6, 7] [14, 14] [28]
[74, 8, 2] [12, 12] [24]
[74, 8, 5] [66, 66] [132]
[74, 8, 7] [24, 24] [48]
[74, 10, 2] [14, 14] [28]
[74, 10, 5] [84, 84] [168]
[74, 10, 7] [28, 28] [56]
[75, 2, 4] [8, 8] [16]
[75, 2, 12] [1, 1, 1, 1] [2, 2]
[75, 3, 2] [1, 1, 1, 1, 1, 1, 2, 2] [2, 4, 4]
[75, 3, 11] [1, 1, 1, 1, 1, 1, 2, 2] [1, 1, 2, 2, 2, 2]
[75, 4, 4] [32, 32] [64]
[75, 4, 12] [1, 1, 1, 1, 2, 2] [2, 2, 4]
[75, 5, 2] [1, 1, 2, 2, 2, 2, 3, 3, 3, 3] [2, 4, 4, 12]
[75, 5, 11] [1, 1, 1, 1, 2, 2, 2, 2, 3, 3, 4] [1, 1, 2, 2, 2, 2, 2, 4, 6]
[75, 6, 4] [48, 48] [96]
[75, 6, 12] [1, 1, 1, 1, 1, 1, 1, 1, 2, 2, 2, 2] [2, 2, 2, 2, 4, 4]
[75, 7, 2] [1, 1, 4, 4, 4, 4, 8, 8] [2, 16, 16]
[75, 7, 11] [1, 1, 1, 4, 4, 8, 8, 8] [1, 2, 8, 8, 8, 8]
[75, 8, 4] [72, 72] [144]
[75, 8, 12] [1, 1, 1, 1, 1, 1, 2, 2, 2, 2, 3, 3] [2, 2, 2, 4, 4, 6]
[75, 9, 2] [1, 1, 2, 2, 5, 5, 5, 5, 10, 10] [2, 4, 20, 20]
[75, 9, 11] [1, 1, 1, 1, 2, 5, 5, 10, 10, 12] [1, 1, 2, 2, 10, 10, 10, 12]
[75, 10, 4] [88, 88] [176]
[75, 10, 12] [1, 1, 1, 1, 1, 1, 1, 1, 2, 2, 2, 2, 2, 2, 4, 4] [2, 2, 2, 2, 4, 4, 4, 8]
[76, 3, 12] [2, 2, 14] [4, 14]
[77, 2, 1] [1, 1, 1, 1, 1] [1, 1, 1, 2]
[77, 2, 5] [8, 8, 8] [8, 16]
[78, 2, 10] [2, 2, 2, 2] [4, 4]
[78, 2, 12] [1, 1] [2]
[78, 3, 8] [2, 2, 4, 4] [4, 8]
[78, 4, 10] [2, 2, 4, 4] [4, 8]
[78, 4, 12] [1, 1, 2, 2] [2, 4]
[78, 5, 8] [4, 4, 4, 4] [8, 8]
[78, 6, 10] [6, 6, 6, 6] [12, 12]
[78, 6, 12] [3, 3, 4, 4] [6, 8]
[78, 7, 8] [6, 6, 8, 8] [12, 16]
[78, 8, 10] [8, 8, 8, 8] [16, 16]
[78, 8, 12] [3, 3, 4, 4] [6, 8]
[78, 9, 8] [10, 10, 10, 10] [20, 20]
[78, 10, 10] [10, 10, 12, 12] [20, 24]
[78, 10, 12] [5, 5, 6, 6] [10, 12]
[80, 2, 19] [1, 1] [2]
[80, 4, 19] [1, 1, 2, 2, 2] [2, 2, 4]
[80, 5, 2] [1, 1, 2, 8] [2, 2, 8]
[80, 6, 19] [1, 1, 2, 2, 4, 4] [2, 2, 2, 8]
[80, 8, 19] [1, 1, 2, 2, 2, 4, 4, 4] [2, 2, 4, 4, 8]
[80, 9, 2] [1, 1, 2, 4, 16] [2, 2, 4, 16]
[80, 10, 19] [2, 2, 4, 4, 7, 7] [4, 4, 4, 14]
[81, 3, 8] [1, 1, 4] [2, 4]
[81, 5, 8] [3, 3, 8] [6, 8]
[81, 7, 8] [5, 5, 12] [10, 12]
[81, 9, 8] [7, 7, 16] [14, 16]
[82, 2, 1] [1, 1, 1] [1, 2]
[82, 2, 7] [1, 1, 1, 1] [2, 2]
[82, 4, 7] [2, 2, 3, 3] [4, 6]
[84, 2, 4] [1, 1] [2]
[84, 3, 3] [6, 6] [12]
[84, 3, 14] [1, 1] [2]
[84, 5, 3] [12, 12] [24]
[84, 5, 14] [3, 3] [6]
[84, 6, 4] [1, 1, 4, 8] [2, 4, 8]
[84, 7, 3] [18, 18] [36]
[84, 7, 14] [4, 4] [8]
[84, 8, 4] [1, 1, 16] [2, 16]
[84, 9, 3] [24, 24] [48]
[84, 9, 14] [5, 5] [10]
[85, 2, 1] [1, 1, 1, 2] [1, 2, 2]
[85, 2, 4] [3, 3] [6]
[85, 2, 12] [12, 12] [24]
[85, 2, 15] [4, 4] [8]
[85, 2, 17] [6, 6] [12]
[85, 2, 18] [4, 4] [8]
[85, 3, 13] [8, 8, 16] [16, 16]
[85, 4, 4] [1, 1, 8, 8] [2, 16]
[85, 4, 12] [36, 36] [72]
[85, 4, 17] [18, 18] [36]
[85, 4, 18] [12, 12] [24]
[85, 6, 4] [1, 1, 14, 14] [2, 28]
[85, 6, 12] [60, 60] [120]
[85, 6, 17] [30, 30] [60]
[85, 6, 18] [20, 20] [40]
[85, 8, 4] [21, 21] [42]
[85, 8, 12] [84, 84] [168]
[85, 8, 17] [42, 42] [84]
[85, 8, 18] [28, 28] [56]
[85, 10, 4] [27, 27] [54]
[85, 10, 12] [108, 108] [216]
[85, 10, 17] [54, 54] [108]
[85, 10, 18] [36, 36] [72]
[86, 2, 1] [1, 1, 2] [2, 2]
[86, 3, 8] [2, 2, 2] [2, 4]
[87, 2, 4] [12, 12] [24]
[87, 2, 11] [2, 2] [4]
[87, 4, 4] [48, 48] [96]
[87, 4, 11] [8, 8] [16]
[87, 6, 4] [72, 72] [144]
[87, 6, 11] [12, 12] [24]
[87, 8, 4] [108, 108] [216]
[87, 8, 11] [18, 18] [36]
[87, 10, 4] [132, 132] [264]
[87, 10, 11] [22, 22] [44]
[88, 4, 1] [1, 1, 1, 1, 3] [1, 1, 2, 3]
[90, 2, 4] [2, 2, 4, 4] [4, 8]
[90, 2, 11] [1, 1] [2]
[90, 3, 3] [4, 4, 16] [8, 16]
[90, 3, 12] [2, 2] [4]
[90, 4, 4] [18, 18] [36]
[90, 4, 11] [1, 1, 1, 1, 2, 2] [2, 2, 4]
[90, 5, 12] [4, 4] [8]
[90, 6, 4] [30, 30] [60]
[90, 6, 11] [1, 1, 1, 1, 2, 2, 2, 2] [2, 2, 4, 4]
[90, 7, 12] [6, 6] [12]
[90, 8, 4] [42, 42] [84]
[90, 8, 11] [1, 1, 2, 2, 2, 2, 4, 4] [2, 4, 4, 8]
[90, 9, 12] [8, 8] [16]
[90, 10, 4] [54, 54] [108]
[90, 10, 11] [2, 2, 2, 2, 3, 3, 4, 4] [4, 4, 6, 8]
[91, 2, 9] [6, 6] [12]
[91, 2, 24] [2, 2, 4, 8] [4, 4, 8]
[91, 2, 27] [3, 3] [6]
[91, 3, 30] [1, 1, 2, 2, 6, 6] [1, 1, 4, 6, 6]
[91, 4, 9] [22, 22] [44]
[91, 4, 27] [11, 11] [22]
[91, 6, 9] [34, 34] [68]
[91, 6, 27] [17, 17] [34]
[91, 8, 9] [50, 50] [100]
[91, 8, 27] [25, 25] [50]
[91, 10, 9] [62, 62] [124]
[91, 10, 27] [31, 31] [62]
[93, 2, 1] [1, 1, 3] [2, 3]
[93, 2, 10] [4, 4, 16] [8, 16]
[93, 3, 2] [1, 1, 4, 4] [2, 8]
[93, 3, 9] [20, 20] [40]
[93, 4, 8] [4, 4, 112] [8, 112]
[93, 4, 15] [1, 1, 28] [2, 28]
[93, 5, 2] [11, 11] [22]
[93, 5, 9] [44, 44] [88]
[93, 7, 2] [16, 16] [32]
[93, 7, 7] [4, 4, 240] [8, 240]
[93, 7, 9] [64, 64] [128]
[93, 9, 2] [21, 21] [42]
[93, 9, 9] [84, 84] [168]
[93, 10, 8] [4, 4, 368] [8, 368]
[93, 10, 15] [1, 1, 92] [2, 92]
[95, 2, 4] [2, 2, 12] [4, 12]
[95, 2, 18] [1, 1, 6] [2, 6]
[96, 2, 4] [1, 1] [2]
[96, 2, 14] [1, 1] [2]
[96, 2, 15] [1, 1, 1, 1] [4]
[96, 3, 2] [1, 1, 2, 2] [1, 1, 4]
[96, 3, 3] [2, 2] [4]
[96, 3, 13] [2, 2, 2, 2] [4, 4]
[96, 4, 4] [1, 1, 8] [2, 8]
[96, 4, 14] [3, 3] [6]
[96, 4, 15] [3, 3, 3, 3] [12]
[96, 5, 3] [2, 2, 2, 2] [4, 4]
[96, 5, 13] [4, 4, 4, 4] [8, 8]
[96, 6, 4] [1, 1, 16] [2, 16]
[96, 6, 14] [5, 5] [10]
[96, 6, 15] [5, 5, 5, 5] [20]
[96, 7, 3] [2, 2, 4, 4] [4, 8]
[96, 7, 13] [6, 6, 6, 6] [12, 12]
[96, 8, 4] [1, 1, 4, 20] [2, 4, 20]
[96, 8, 14] [7, 7] [14]
[96, 8, 15] [7, 7, 7, 7] [28]
[96, 9, 3] [4, 4, 4, 4] [8, 8]
[96, 9, 13] [8, 8, 8, 8] [16, 16]
[96, 10, 4] [1, 1, 32] [2, 32]
[96, 10, 14] [9, 9] [18]
[96, 10, 15] [9, 9, 9, 9] [36]
[98, 3, 8] [2, 2, 4] [4, 4]
[98, 5, 8] [2, 2, 4, 4] [4, 4, 4]
[98, 7, 8] [4, 4, 4, 8] [4, 8, 8]
[98, 9, 8] [6, 6, 8, 8] [8, 8, 12]
[99, 3, 15] [1, 2, 2, 4] [1, 4, 4]
[100, 2, 11] [1, 1] [2]
[100, 3, 2] [1, 1, 1, 1, 1, 1, 1, 1, 4, 4] [8, 8]
[100, 3, 9] [4, 4, 104] [8, 104]
[100, 3, 12] [1, 1, 1, 1, 1, 1, 1, 1, 4, 4] [1, 1, 2, 4, 4, 4]
[100, 4, 8] [2, 2, 2, 4, 4, 12, 24] [2, 2, 2, 8, 12, 24]
[100, 4, 11] [1, 1, 1, 1] [2, 2]
[100, 5, 2] [1, 1, 4, 4, 4, 4, 8, 8] [2, 16, 16]
[100, 5, 3] [4, 4, 224] [8, 224]
[100, 5, 12] [1, 1, 1, 4, 4, 8, 8, 8] [1, 2, 8, 8, 8, 8]
[100, 6, 11] [1, 1, 1, 1, 2, 2] [2, 2, 4]
[100, 7, 2] [2, 2, 6, 6, 6, 6, 12, 12] [4, 24, 24]
[100, 7, 9] [4, 4, 344] [8, 344]
[100, 7, 12] [1, 1, 1, 1, 2, 6, 6, 12, 12, 12] [1, 1, 2, 2, 12, 12, 12, 12]
[100, 8, 11] [1, 1, 2, 2, 2, 2] [2, 4, 4]
[100, 9, 2] [1, 1, 2, 2, 8, 8, 8, 8, 16, 16] [2, 4, 32, 32]
[100, 9, 3] [4, 4, 464] [8, 464]
[100, 9, 12] [1, 1, 1, 2, 8, 8, 16, 16, 20] [1, 2, 2, 16, 16, 16, 20]
[100, 10, 11] [1, 1, 1, 1, 2, 2, 3, 3] [2, 2, 4, 6]
