[-20281739755999622198357926509017037913058060,-3622622868284062446150820012636,-1,1]:[-319984314798577405387551680976781594684380,-10215390110745935125199746196,-1,1]
[163164601896854880256,0,43535927844026630144,0,3543496801549193216,0,131719235747796736,0,2578959101862464,0,28439553144272,0,183822993644,0,709362196,0,1605731,0,1964,0,1]:[163164601896854880256,0,43535927844026630144,0,3543496801549193216,0,131719235747796736,0,2578959101862464,0,28439553144272,0,183822993644,0,709362196,0,1605731,0,1964,0,1]
[-886728656,-4638518544,2207891000,1758189968,-584858333,-162229807,49375277,6301768,-1866882,-116726,34682,992,-305,-3,1]:[-886728656,-4638518544,2207891000,1758189968,-584858333,-162229807,49375277,6301768,-1866882,-116726,34682,992,-305,-3,1]
[-1095,681,-114,-1,1]:[330,-287,-96,0,1]
[16777216,0,-524288,0,180224,0,25600,0,-3200,0,400,0,44,0,-2,0,1]:[16777216,0,-524288,0,180224,0,25600,0,-3200,0,400,0,44,0,-2,0,1]
[64,0,-256,0,928,0,-368,0,112,0,-12,0,1]:[64,0,-256,0,928,0,-368,0,112,0,-12,0,1]
[400,-3800,20760,-64760,132121,-65476,59288,-20890,26115,-3048,11795,634,3921,255,675,31,73,-1,7,0,1]:[400,-3800,20760,-64760,132121,-65476,59288,-20890,26115,-3048,11795,634,3921,255,675,31,73,-1,7,0,1]
[16,0,-12,0,7,0,-3,0,1]:[16,0,-12,0,7,0,-3,0,1]
[-24576,-30720,22400,30432,-6570,-9065,671,1096,-21,-56,0,1]:[-24576,-30720,22400,30432,-6570,-9065,671,1096,-21,-56,0,1]
[2785609847439483545242446300,166129321978984507920,-180363795469121,-1,1]:[2785609847439483545242446300,166129321978984507920,-180363795469121,-1,1]
[36864,0,386,0,1]:[9606,188,-187,-2,1]
[557464078929898317400,-151222034888620,-1,1]:[-81918841883898518649,-143799672871551,-1,1]
[34459992,-497658,-1,1]:[34459992,-497658,-1,1]
[-417193412918,-32794886585,155482410,33206195,5390,-10491,-2,1]:[-417193412918,-32794886585,155482410,33206195,5390,-10491,-2,1]
[2250,0,109,0,1]:[2250,0,109,0,1]
[16,0,8,0,6,0,2,0,1]:[16,0,8,0,6,0,2,0,1]
[4034278000,0,3543049600,0,1145771880,0,175523080,0,14206695,0,635290,0,15656,0,198,0,1]:[4034278000,0,3543049600,0,1145771880,0,175523080,0,14206695,0,635290,0,15656,0,198,0,1]
[966221175938840041477620976645687620500,-836117113603169204738222111400099480,182921989610723076643066334751012,15284507516956107645728691748,-6993845769163630122514927,-45109944878807047824,94523659420277191,-65596456652,-520096569,0,1]:[233513171006328627318325246162748944,0,138956040703416053236196674769,0,28480031378418682000324,0,2470532076289750,0,86688212,0,1]
[1,0,544,0,3768,0,8158,0,6018,0,2048,0,353,0,30,0,1]:[1,0,50,0,637,0,2784,0,3262,0,1454,0,296,0,28,0,1]
[4588125383319561273617042621353920,-1758163633679546824198104,-145463255811612366,-1,1]:[4588125383319561273617042621353920,-1758163633679546824198104,-145463255811612366,-1,1]
[-80,-1,1]:[-80,-1,1]
[18,0,24,0,1]:[18,0,24,0,1]
[-87938164429906041877782,-18310531465955959,0,1]:[219731411962631928,-1489103185922,-1,1]
[16,0,6,0,1]:[16,0,6,0,1]
[705600,0,1806345,0,1570356,0,539968,0,67138,0,3792,0,100,0,1]:[705600,0,1806345,0,1570356,0,539968,0,67138,0,3792,0,100,0,1]
[124609,0,613902,0,1173725,0,1168262,0,684238,0,250694,0,59011,0,8912,0,834,0,44,0,1]:[1,0,54,0,749,0,3558,0,7526,0,8098,0,4815,0,1624,0,302,0,28,0,1]
[256,0,4032,0,17856,0,28236,0,16529,0,4428,0,594,0,39,0,1]:[256,0,4032,0,17856,0,28236,0,16529,0,4428,0,594,0,39,0,1]
[-117226795665486277056,68107287187954456,70949124932,-552716082,-1,1]:[-117226795665486277056,68107287187954456,70949124932,-552716082,-1,1]
[2285409,-1033704,-285866,191722,47723,-494,-418,-2,1]:[1040400,680340,660109,-138697,44168,-1123,212,-1,1]
[64,0,544,0,1332,0,1156,0,301,0,30,0,1]:[4,0,132,0,1033,0,880,0,258,0,28,0,1]
[932806632438360801,0,72604841451717186,0,1934845929880624,0,24709054430814,0,172981116350,0,698395614,0,1616624,0,1986,0,1]:[296773539014178009,0,36624709707917870,0,1288318886608936,0,19474609444738,0,151540734566,0,654647506,0,1579736,0,1982,0,1]
[8,-10,-1,1]:[8,-10,-1,1]
[-1,-5,-1,1]:[-1,-5,-1,1]
[853550979535595201047849179160229833296430030562,422004689289028502357324627229300202572039493438,55641424877135585596097905861475849305851982681,-54915240732853615882514108100722272555520400,-835493995188808646858962700222394722187688,534916738067236270840852573968830794888,5164727809378016111602994168273128756,-1993912089551257507757291738713200,-16879153387394780948128685050308,3490410472966208019452281908,31623821563070032377106446,-2933307788252234300400,-34706930411331066568,1104988767829768,21914382182116,-141066000,-7325998,-2,1]:[797517854172776133766249661927470942176176766976,0,56032264901085762369236000491606259366923075584,0,860456443567863287787024826102919920091136,0,5289719974975064649188570034899779584,0,17074068956994774485619232997376,0,31708037646565185778430976,0,34716886079362208784,0,21914129354136,0,7326009,0,1]
[-409334440815308128428475078996098000,203636869824991390944508170000,981365699615624308440,-1122054184183736,-1,1]:[-409334440815308128428475078996098000,203636869824991390944508170000,981365699615624308440,-1122054184183736,-1,1]
[-33785986061303222433192,-1,1]:[-33785986061303222433192,-1,1]
[1225649312645653251,-79149619896480378,-11790808441448835,465916137872334,44829124397632,-551503725186,-60363756475,205553250,36030732,-5046,-9799,-6,1]:[1172250515460473856,45404497829053440,8152925099420160,-189098231540736,30697152907840,-252071930880,27563858336,-174741840,18202260,-54096,4910,0,1]
[3553135874433297828333352298414117748736,0,937303132294728639909584019914752000,0,81161927553510012423196446294016,0,2705282734342187411139788800,0,36846316485794632155136,0,246346732853742400,0,856740725236,0,1479925,0,1]:[3219066661420517943499650865561600000000,0,1079166082782697518224103178240000000,0,88994812361712376452394516480000,0,2725582101373056061874176000,0,36381933065014339342336,0,243483580726628416,0,850771054036,0,1475461,0,1]
[81,0,45,0,16,0,5,0,1]:[81,0,45,0,16,0,5,0,1]
[30,0,1]:[30,0,1]
[4,0,6,0,1]:[4,0,6,0,1]
[1156,0,892,0,237,0,26,0,1]:[1156,0,892,0,237,0,26,0,1]
[-143083653176,-2745299080272,6367098630660,183357846869,-463520315741,-15604625737,10354430077,278779842,-104172650,-1844082,509966,5113,-1169,-5,1]:[-143083653176,-2745299080272,6367098630660,183357846869,-463520315741,-15604625737,10354430077,278779842,-104172650,-1844082,509966,5113,-1169,-5,1]
[81,0,-16,0,1]:[81,0,-16,0,1]
[6362783706841987013153148927529728,0,69786622367539590135490509456,0,19853958083841743467680,0,1909148473497186,0,74018424,0,1]:[6362783706841987013153148927529728,0,69786622367539590135490509456,0,19853958083841743467680,0,1909148473497186,0,74018424,0,1]
[2842756300800,0,157041960192,0,1899684816,0,4507264,0,3763,0,1]:[2842756300800,0,157041960192,0,1899684816,0,4507264,0,3763,0,1]
[727758791450,699856860,54569014,28019232,5014247,30224,16,-4,1]:[719643429124,-8092953720,45505800,28073252,4995933,19888,8,-4,1]
[37,0,-16,0,1]:[37,0,-16,0,1]
[227,41,-36,-1,1]:[4,-5,-16,-2,1]
[1401003,-7476948,16728822,-22681044,22614678,-15937572,9577066,-4169012,1714455,-495772,148298,-28740,6428,-784,132,-8,1]:[810000,0,-1762200,0,3242464,0,-1200006,0,336765,0,-27620,0,1647,0,-48,0,1]
[4478755081222619136,0,649463043128082038784,0,1642860052490345472,0,1614194663004672,0,775600341680,0,189319848,0,22287,0,1]:[4478755081222619136,0,649463043128082038784,0,1642860052490345472,0,1614194663004672,0,775600341680,0,189319848,0,22287,0,1]
[2304,45696,1260352,-7095872,53560448,-10134064,18089204,-3425714,4161121,-710712,506917,-77394,43463,-5846,2187,-224,71,-6,1]:[14379264,-18520128,35730000,-13757616,24329868,-3848076,13883865,592479,3069976,-66313,405836,-11181,34326,-2187,1848,-83,56,-3,1]
[-684,-1,1]:[-684,-1,1]
[2000,0,12300,0,10705,0,2879,0,171,0,1]:[225444,-89080,19344,6972,165,-968,346,34,-10,-2,1]
[16,0,4,0,4,0,1,0,1]:[16,0,4,0,4,0,1,0,1]
[36,72,72,-24,4,4,8,-4,1]:[169,-182,128,-12,-25,24,-4,-2,1]
[901431653312951334575717957180044560,-430701764950748785346426952,-2520905883911725239,-2,1]:[901431653312951334575717957180044560,-430701764950748785346426952,-2520905883911725239,-2,1]
[62,16,-21,-1,1]:[62,16,-21,-1,1]
[866,-1440,752,-108,3,-2,1]:[1682,-1334,529,-12,2,-2,1]
[-1081649464419849630349143002032579156200350797608169242624000000,-12429357013587344306061340457727648576148819751731200,5662806927042381389767612520914511761735680,-8031803134164392235142895067136,-4938689477469651668592,-3,1]:[-1081649464419849630349143002032579156200350797608169242624000000,-12429357013587344306061340457727648576148819751731200,5662806927042381389767612520914511761735680,-8031803134164392235142895067136,-4938689477469651668592,-3,1]
[1225,0,71,0,1]:[1225,0,71,0,1]
[9,0,423,0,2376,0,4344,0,3450,0,1335,0,265,0,26,0,1]:[9,0,423,0,2376,0,4344,0,3450,0,1335,0,265,0,26,0,1]
[61,-153,140,-52,16,-4,1]:[25,-40,69,-2,9,-1,1]
[4,-24,84,-184,286,-344,366,-388,291,-104,66,-92,41,0,2,-4,1]:[4,-24,84,-184,286,-344,366,-388,291,-104,66,-92,41,0,2,-4,1]
[2577587,3040693,-2270544,-6528582,747476,5707001,126684,-2910595,-200488,968836,80796,-219417,-16187,34377,1513,-3666,9,246,-15,-8,1]:[1437601,857285,23958,225907,243089,12001,-31240,1474,56089,-22715,18470,-10594,3851,-1189,551,-155,56,-12,12,-1,1]
[156,-438,505,-375,216,-79,18,-3,1]:[36,0,54,12,75,9,10,-1,1]
[473344,0,3412272,0,420544,0,15721,0,218,0,1]:[473344,0,3412272,0,420544,0,15721,0,218,0,1]
[-240,-444,-25,202,23,-27,-2,1]:[-96,-424,-62,196,22,-27,-1,1]
[1089,0,948,0,262,0,28,0,1]:[1089,0,948,0,262,0,28,0,1]
[36,0,441,0,42,0,1]:[36,0,441,0,42,0,1]
[-3232,-1,1]:[-3232,-1,1]
[32,0,248,0,464,0,348,0,118,0,18,0,1]:[64,-32,0,0,8,-8,8,-4,2,0,0,-1,1]
[64,0,224,0,-80,0,-368,0,892,0,-450,0,41,0,8,0,1]:[1444,0,-524,0,1625,0,610,0,-40,0,16,0,28,0,-6,0,1]
[-1,-5,16,-3,-10,0,1]:[-1,-4,8,5,-6,-1,1]
[-16754721048640,-1263443282,-1,1]:[-16754721048640,-1263443282,-1,1]
[1867849131749349,-134359188257,-106311592,-1,1]:[339264711383190,10754000272,-39396895,-1,1]
[1,-23,393,4156,13376,15311,16944,13511,7366,2650,1877,-2000,1432,-461,159,-44,18,-4,1]:[729,-6804,38232,-56565,57726,-43359,25378,-10168,7272,-1092,1786,-282,432,-85,72,-23,15,-6,1]
[180610348516079889390992177993070774843259251,0,22752136106709351023831408954681748705,0,137861154004101987540064295610,0,81587798511022222110,0,15884415955,0,1]:[180610348516079889390992177993070774843259251,0,22752136106709351023831408954681748705,0,137861154004101987540064295610,0,81587798511022222110,0,15884415955,0,1]
[13,0,8,0,1]:[13,0,8,0,1]
[8,-1,1]:[8,-1,1]
[8,-8,6,-6,3,-2,1]:[8,-8,6,-6,3,-2,1]
[-9810257865936,-871417754,-1,1]:[-2026900958544,-606436206,-1,1]
[9,3,46,-9,202,-1,115,-9,49,-2,8,0,1]:[9,3,46,-9,202,-1,115,-9,49,-2,8,0,1]
[627264,0,1585,0,1]:[627264,0,1585,0,1]
[48,0,29,0,1]:[48,0,29,0,1]
[-1799505124109702554502049871443070803763806,-28470458860998450146114609107,0,1]:[138415806529632593676225778891066045801200,-21805817829226561509653210456,-1,1]
[4858244,2479360,10580120,3194064,5792768,1239456,679460,-51064,214416,-27792,-27412,10432,12001,-2556,-2556,208,377,-12,-26,0,1]:[4858244,2479360,10580120,3194064,5792768,1239456,679460,-51064,214416,-27792,-27412,10432,12001,-2556,-2556,208,377,-12,-26,0,1]
[4244770124,285905207,-223354,-37736,-2,1]:[4244770124,285905207,-223354,-37736,-2,1]
[16777216,-8388608,-2359296,589824,1077248,-227328,-110848,-6656,25296,-832,-1732,-444,263,18,-9,-4,1]:[16777216,-8388608,-2359296,589824,1077248,-227328,-110848,-6656,25296,-832,-1732,-444,263,18,-9,-4,1]
[107332220400,-6464610,-683663,-2,1]:[36023696000,26523040,-481686,-1,1]
[-771,-1,1]:[-771,-1,1]
[32,0,0,0,0,-9,0,0,0,0,1]:[32,0,0,0,0,-9,0,0,0,0,1]
[-19272,-1,1]:[-19272,-1,1]
[-55,0,1]:[-55,0,1]
[-35,-53,-22,0,1]:[3,1,-5,-1,1]
[6561,0,-3060,0,646,0,-44,0,1]:[6561,0,-3060,0,646,0,-44,0,1]
[-1,1,11,7,-6,-2,1]:[-1,1,11,7,-6,-2,1]
[16,0,-8,0,4,0,-2,0,1]:[16,0,-8,0,4,0,-2,0,1]
[170,-52,2,0,1]:[169,0,0,0,1]
[5764801,0,-4799,0,1]:[5760000,2400,2401,-1,1]
[-792,-1,1]:[-792,-1,1]
[32,-32,8,0,0,0,0,0,1,-2,1]:[32,-32,8,0,0,0,0,0,1,-2,1]
[-13379024,-5741296,321544,114552,-1455,-640,0,1]:[-13379024,-5741296,321544,114552,-1455,-640,0,1]
[14376010000,0,-7399274904,0,1630677705,0,-198354256,0,14381680,0,-626390,0,15664,0,-200,0,1]:[4294967296,0,-184549376,0,-2359296,0,-815104,0,104960,0,-3184,0,-36,0,-11,0,1]
[100,0,-19,0,1]:[100,0,-19,0,1]
[131044,0,15168,0,237,0,1]:[60516,0,13689,0,234,0,1]
[104976,0,13284,0,1357,0,41,0,1]:[104976,0,13284,0,1357,0,41,0,1]
[1048576,0,851968,0,401408,0,147456,0,45440,0,12016,0,2840,0,576,0,98,0,13,0,1]:[1048576,0,851968,0,401408,0,147456,0,45440,0,12016,0,2840,0,576,0,98,0,13,0,1]
[8,-26,-1,1]:[8,-26,-1,1]
[5860,-18992,23260,-12968,3150,-560,362,-110,5,0,1]:[13778,-16434,9801,-1474,242,-318,286,-22,0,0,1]
[9604,0,105452,0,292073,0,380576,0,279894,0,125496,0,35379,0,6268,0,674,0,40,0,1]:[9604,0,105452,0,292073,0,380576,0,279894,0,125496,0,35379,0,6268,0,674,0,40,0,1]
[27472,16080,-704,-1264,230,118,-9,-2,1]:[21904,0,5097,0,455,0,15,0,1]
[1308736,0,171721,0,7935,0,151,0,1]:[1308736,0,171721,0,7935,0,151,0,1]
[6561,0,-4374,0,729,0,486,0,-288,0,54,0,9,0,-6,0,1]:[6561,0,-4374,0,729,0,486,0,-288,0,54,0,9,0,-6,0,1]
[-1140,-1,1]:[-1140,-1,1]
[33663,-4152,-10760,4422,4985,70,-134,-2,1]:[9216,9696,16825,-6777,4766,-133,70,-1,1]
[17,19,-66,16,31,-15,-1,1]:[-14,-43,16,47,-2,-13,0,1]
[111,18,-17,-2,1]:[100,0,10,0,1]
[256,0,128,0,48,0,-56,0,-31,0,-14,0,3,0,2,0,1]:[4,-24,84,-184,286,-344,366,-388,291,-104,66,-92,41,0,2,-4,1]
[-104717744314242227128391550,-1,1]:[-104717744314242227128391550,-1,1]
[42640837192576,-2400636376,-1,1]:[20051963761200,-1847580440,-1,1]
[70348376081176985600,-427120471274668032,-5237791784459264,17831801296448,132277346400,-57426812,-715858,0,1]:[70348376081176985600,-427120471274668032,-5237791784459264,17831801296448,132277346400,-57426812,-715858,0,1]
[620354245761376,-1005389780705520,-780194469023858,-3482248154552,59099369152446,1757754410553,-1777314673049,-35301199781,25732077009,265964698,-191200060,-959218,736192,1645,-1385,-1,1]:[620354245761376,-1005389780705520,-780194469023858,-3482248154552,59099369152446,1757754410553,-1777314673049,-35301199781,25732077009,265964698,-191200060,-959218,736192,1645,-1385,-1,1]
[531441,0,39366,0,5265,0,1584,0,65,0,6,0,1]:[531441,0,39366,0,5265,0,1584,0,65,0,6,0,1]
[-5778852,-1,1]:[-5778852,-1,1]
[261500109462054593321259300808642299930034604331,158837826607763280423160219608833033545893942,-89169999071192673324502572251274493296518949,27930835248584022910944340350165593146818,11869793483757724421962977532679784058347,-9686545996192415105268719393200104012,-795058173775929600460093457729611014,703358704806139496931437996381412,30037816279046697732847718993467,-21755942725508825849773099086,-673967924917247553834173379,334156268799891244709934,9174734518366582592193,-2614217057449871988,-75537285611176622,9716203091244,364226107713,-12149826,-940413,-6,1]:[261490399505792227817024003348104130194641159225,-34923314543744821707168835219945993579648950,44558299163904360256389313185385225104835245,69498817213798305204024309903431721187110,5465648386210730671112398026225318665199,6884264619587692201297746565224842172,292280160701254761307491650568975646,50328102663961537370536178622316,10848813785145958185022965942709,-772894989756975230685011586,217775891572550635786539387,-78217760507911051825254,3092605513604061172669,-921982218074544860,25413927970368382,-5885709493452,149610140535,-17792382,470221,-2,1]
[-41401144140044416,155755658754016,3040467992,-31823342,-1,1]:[-41401144140044416,155755658754016,3040467992,-31823342,-1,1]
[144,72,-114,18,121,-6,20,0,1]:[144,72,-114,18,121,-6,20,0,1]
[1125899906842624,-70368744177664,19791209299968,-3985729650688,-476741369856,-53150220288,-2248146944,6111100928,-509345792,18153472,-25550848,567296,-497408,186496,-2144,-1584,-444,-116,18,-2,1]:[1099511627776,-137438953472,-73014444032,20937965568,4244635648,-926941184,157024256,79364096,-27930624,-1538048,3580672,-96128,-109104,19376,2396,-884,253,78,-17,-2,1]
[4,0,462752,0,715372,0,414440,0,116445,0,17508,0,1434,0,60,0,1]:[4,0,462752,0,715372,0,414440,0,116445,0,17508,0,1434,0,60,0,1]
[126731,-155713,170625,-142527,25013,31802,-11455,-2485,1222,84,-56,-1,1]:[1936,616,16292,41850,46669,15102,3506,486,281,-26,21,-3,1]
[-285215881533636377835,-7738904045787936,-58865336482,0,1]:[-387117693483650316,-140320405280000,-8376520080,0,1]
[32,0,16,-8,-6,-6,-3,-2,2,0,1]:[32,0,16,-8,-6,-6,-3,-2,2,0,1]
[46786589680485579028,14143816189447040824,646486727087159312,-77616413571088396,844136860668129,43882635972344,-792966883724,-8553931568,216382290,567568,-24268,-4,1]:[54574861912429,9305522884896,701717475294,23786470316,-1727838454,-167732890,3693290,1532600,61050,-5256,-358,-2,1]
[-540,-1,1]:[-540,-1,1]
[2500,0,101,0,1]:[2500,0,101,0,1]
[-56510296564182800,-354229391290,-1,1]:[-56510296564182800,-354229391290,-1,1]
[-1450612690232640,-27970499312,-1,1]:[-1450612690232640,-27970499312,-1,1]
[1478656,52288,-246400,-7676,11742,402,-189,-4,1]:[1478656,52288,-246400,-7676,11742,402,-189,-4,1]
[148058518575411087116599296,0,0,0,10140953515228129038336,0,0,0,11385599106162816,0,0,0,267435801,0,0,0,1]:[224426311683662500,-128012503101012000,124807277500104200,-2457095600148480,-12537644077415312,211395930918192,675460702149692,88600624993584,2478290365981,-193446623520,-9689536168,141822576,11021650,-34992,-5404,0,1]
[49,0,3504,0,22464,0,53872,0,61088,0,38162,0,14160,0,3200,0,432,0,32,0,1]:[49,0,3504,0,22464,0,53872,0,61088,0,38162,0,14160,0,3200,0,432,0,32,0,1]
[113569,0,-28394,0,2523,0,-86,0,1]:[113569,0,-28394,0,2523,0,-86,0,1]
[-2690444262,-1,1]:[-2690444262,-1,1]
[3808260293376000,0,2895074611200,0,560131560,0,40713,0,1]:[3808260293376000,0,2895074611200,0,560131560,0,40713,0,1]
[1072,0,74,0,1]:[1072,0,74,0,1]
[-23,-1,1]:[-23,-1,1]
[1,0,1300,0,3428,0,3109,0,1281,0,262,0,26,0,1]:[1,0,1300,0,3428,0,3109,0,1281,0,262,0,26,0,1]
[601733275994500,9001860130680,33667479172,-49059132,-366971,0,1]:[601699608148356,0,33667479169,0,366974,0,1]
[2,-16,40,-12,-16,128,66,-112,40,-24,20,-4,1]:[169,0,356,0,259,0,-260,0,103,0,-16,0,1]
[4096,0,155904,0,808196,0,1281696,0,979828,0,419928,0,106541,0,16044,0,1374,0,60,0,1]:[2048,-19456,73856,-142208,187460,-121104,27880,27936,-14520,-11448,6244,8952,6181,992,52,-16,0,0,0,0,1]
[66723264,0,3100095,0,17808,0,1]:[25371521136,0,30243873,0,10738,0,1]
[208023949564424076021202944,-736025168842874689482129408,1302092980891149555338313728,130774530647358001270226944,6633299689249869685325824,-120819602984898995945472,13182309974024543141888,1044128209714840600576,43552005360901242880,-424134776159318016,25312112518338048,1708847467202304,59875545527040,-223859693088,8441099282,511364998,15705025,-16260,578,34,1]:[8466004130416338670089928704,-2323063126834144103834320896,318723107626870315852234752,85502397039865581748617216,10666527336316281117671424,105977196796457311174656,1118531393884122341376,300750323152050266112,58398135128630811648,335247771330255360,941899764571520,197812095245952,68334664655952,223248859576,236338034,-1399914,16288321,32284,18,-6,1]
[121,-55,41,-60,11,-10,6,0,1]:[25,25,10,-5,21,-11,6,-1,1]
[47697408,0,-13986,0,1]:[47697408,0,-13986,0,1]
[3844,0,125,0,1]:[3844,0,125,0,1]
[205,300,150,-20,-14,6,1,-4,1]:[361,-171,23,-35,36,-5,-3,-2,1]
[-16478,-1,1]:[-16478,-1,1]
[64,0,-15,0,1]:[64,0,-15,0,1]
[23305583840,-1204011928,-543567396,2386582,2202967,-1234,-2672,0,1]:[23305583840,-1204011928,-543567396,2386582,2202967,-1234,-2672,0,1]
[1345414406400,0,146617568640,0,5869285936,0,108573216,0,918746,0,2796,0,1]:[109931031040000,0,4432082624000,0,62009694600,0,399545800,0,1266870,0,1880,0,1]
[9,0,82,0,79,0,22,0,1]:[25,0,126,0,91,0,18,0,1]
[3081,108,-107,-2,1]:[3025,0,55,0,1]
[9980294274348895732700531768,581144607045907329940,-296357160250458,-1,1]:[9980294274348895732700531768,581144607045907329940,-296357160250458,-1,1]
[3273,298,-306,-2,1]:[3273,298,-306,-2,1]
[3,-18,48,-72,67,-40,18,-4,1]:[4,0,32,0,36,0,11,0,1]
[2054677081997447545075315213730340965003034624,0,0,0,3781051918624815817693965444334674247680,0,0,0,4514391635875314138159508131840,0,0,0,1213628912935259564160,0,0,0,69105177945,0,0,0,1]:[83455793288142159821756295265356250000,-93499717101746914112849146509906800000,42141408869856397772548726402997944000,-8410748450274796784486334416171305600,616612000374353480384858283162999440,3356401758175887901068435507078464,-206546386599249813022428754887904,-520906144267026581646060573376,28551582658222466377788833480,41072732681881553260669664,-2122991368782933993869392,-1780142804451901973056,92238581151691997096,42861957102211280,-2388568634769304,-558426613360,36153651833,3554192,-294800,-8,1]
[1,0,36,0,172,0,197,0,88,0,16,0,1]:[64,-96,16,80,-60,-20,45,-10,-15,10,1,-3,1]
[-2146,0,1]:[-2146,0,1]
[116,-8,-33,-2,1]:[116,-8,-33,-2,1]
[24120197826518417347025654428599335187025,2445664577552004486793879639585121170640,73514373627956541910802883627148139944,566732587460008152706924066069468392,523508549551073444838291611810734,-9141197551096679767843476458896,-23832744423106572444860463196,54528516937299786222168960,211028190361269390536623,-151849761581608663584,-880028445307457796,195028079162640,1948666431190,-87623088,-2204556,-8,1]:[735121207672317095821497912841120438336,6015487435743293961505549572273215360,159607415711477686151635843287775328,-685746033739471361446313307383040,15169931128056380497155715556632,-20799163177686535050419379920,328571000441888143595366884,-329042050982173184619740,5051027688394458110177,-2684653740993140180,36740634631350658,-12267558721140,193554267483,-31307480,527434,0,1]
[81,-297,1539,426,4276,-427,5289,-985,4605,-1413,2312,-520,671,-132,132,-15,14,-1,1]:[81,-297,1539,426,4276,-427,5289,-985,4605,-1413,2312,-520,671,-132,132,-15,14,-1,1]
[33870121946703235546865637365429580653199,0,7003159398447094125822762017365905,0,180512466653921916243879090,0,959289227830931310,0,1727170495,0,1]:[33870121946703235546865637365429580653199,0,7003159398447094125822762017365905,0,180512466653921916243879090,0,959289227830931310,0,1727170495,0,1]
[15916072563720255011489908773905727,-2201413236001297181107626689035911,70154597482344902364572063559867,2092651319744031486569028399234,-114948978029271005199539780912,-608244043396744785410726346,61945772880555960866856806,88979459154668009856922,-14595391030082846559849,-7852115266089279739,1814227594147779255,479357676242922,-128437915440888,-21969985852,5205676572,667216,-112345,-9,1]:[14773169501733707165096245926360036,1063146601231915960277940812441040,78203859461097314146678160414244,1493909928118851769671684232740,58426080474413245091466978304,230012918890924187620962456,35238578149478816172657485,27609964556929292165888,5832299191156489040643,1334379668719353064,668356254646244874,22955841978480,44317048303131,-7239960392,2132909286,-231748,56195,0,1]
[4,0,111,0,345,0,364,0,150,0,24,0,1]:[1,-7,43,-66,127,-28,174,-67,67,-10,11,-2,1]
[26183890704263137277674192438430182020124347,0,790749914342803285116825382468700052,-11236060155263155570874909243169432,-3211341770353150985813751427758,-1462927295394751401579206304,839013654325341203165349,1849643664662940430320,526250737350801063,-575532854287776,-792423952074,-1739036952,76764,0,1]:[16756738578741860635294522622500,29204362121756529877655773659750,50863957384157312684076174783575,61658015618772233324845472315,1167399166224988675131008736,-626876384575589733433319,18497118651515430755118,-5778933207696042963,105869824884217068,-43617036777383,436673051916,-91612225,768182,-3,1]
[2628,1320,-1022,-568,215,80,-22,-4,1]:[2628,1320,-1022,-568,215,80,-22,-4,1]
[1048576,-262144,-12288,1024,4672,-1280,292,4,-3,-4,1]:[750564,221460,60997,13952,416,896,290,-16,20,-4,1]
[-154947,-1,1]:[-154947,-1,1]
[1,3,10,-3,1]:[9,3,4,-1,1]
[16,0,0,0,6,0,0,0,1]:[16,0,0,0,6,0,0,0,1]
[795074775822089058209365235553555600,-48003301636632038280776472,-1837160737062936039,-2,1]:[795074775822089058209365235553555600,-48003301636632038280776472,-1837160737062936039,-2,1]
[25,-500,5000,1200,10,940,8000,4100,1051,28,512,260,66,0,8,4,1]:[32761,-55024,73383,-71746,53998,-33054,16245,-6000,1721,-430,75,-66,58,-24,13,-6,1]
[372713384160000,0,345639357729600,0,17348014369,0,256226,0,1]:[372713384160000,0,345639357729600,0,17348014369,0,256226,0,1]
[1,0,16,0,20,0,8,0,1]:[1,0,16,0,20,0,8,0,1]
[100,0,22,0,1]:[51,6,-5,-2,1]
[22423772832691664132456976,0,28404247766144074675227,0,8260726903742987910,0,566034074845815,0,16141509445,0,208018,0,1]:[180081901433575820250000,17839110274779505783500,1423630529500671020169,36120700348479454374,788586885260894475,3895447778197164,63708924992805,217797867390,4093250893,5065444,70059,-2,1]
[1,-1,-4,0,1]:[1,-1,-4,0,1]
[2655236149032650377194000,0,8743024230718881600,0,10449491370210,0,5365384,0,1]:[2655236149032650377194000,0,8743024230718881600,0,10449491370210,0,5365384,0,1]
[147,-336,283,-76,21,-4,1]:[49,-91,176,-1,14,-1,1]
[906797,-70868,4166,-2020,70,-2,1]:[906797,-70868,4166,-2020,70,-2,1]
[3665341411,3144427750,3665233625,3866059044,1809880308,-196677750,-327620464,-22481526,22377759,2298634,-812291,-81002,16943,1298,-196,-8,1]:[381069441,-542879010,-116489097,1024544619,1454738373,307281519,183256227,26470155,10118689,994849,260747,10523,4133,-127,69,-6,1]
[-10791432000,-3457177800,6262813380,1455803482,-927550313,-155518542,60175597,7054148,-1996314,-153764,34878,1570,-301,-6,1]:[-10791432000,-3457177800,6262813380,1455803482,-927550313,-155518542,60175597,7054148,-1996314,-153764,34878,1570,-301,-6,1]
[10887670336,0,151152731,0,726732,0,1436,0,1]:[211120900,29074530,13535681,-1312656,415806,-4002,656,0,1]
[-102187008,9947520,11724,-7968,-1,1]:[-102187008,9947520,11724,-7968,-1,1]
[2,0,6,0,1]:[2,0,6,0,1]
[-252,-1,1]:[-252,-1,1]
[8073361,-21523920,23268214,-13393380,5116014,-1861240,598258,-85580,8884,-11240,2336,-20,311,-60,-18,0,1]:[3418801,-2385210,918953,-579812,566331,-174152,-4117,-17632,16520,-616,-1433,-592,343,38,-18,-4,1]
[4585074502499509238196622121661452500,18726201743756768407709655436305000,18985944314569851904053618972740,-1288426998982856236138628604,-2069819087133811039349327,19140037650752352048,64814385948950695,-62745688044,-473578009,0,1]:[67830344204504596384752055458201600,0,1394231878735358404543619436544,0,251602170422602943314688,0,13998983618202800,0,253144457,0,1]
[10,-1,1]:[10,-1,1]
[256,0,332,0,132,0,20,0,1]:[256,0,332,0,132,0,20,0,1]
[-630,239,108,-40,-2,1]:[165,151,-15,-31,-1,1]
[127,0,30,0,1]:[127,0,30,0,1]
[2307,-1548,1900,-736,449,-100,38,-4,1]:[2307,-1548,1900,-736,449,-100,38,-4,1]
[96223,-4963,-1,1]:[96223,-4963,-1,1]
[-324160122,-1,1]:[-324160122,-1,1]
[1867053314411460000,3933085203278280,12603405132,-150274638,-1,1]:[1867053314411460000,3933085203278280,12603405132,-150274638,-1,1]
[1086810487,63842560,-41306744,-1375018,493601,3302,-1310,-2,1]:[1075577616,-11117844,21661893,288315,398514,1335,658,-1,1]
[162,0,1341,0,1964,0,723,0,52,0,1]:[162,0,1341,0,1964,0,723,0,52,0,1]
[-2,0,1]:[-2,0,1]
[1802471179005358884,-308295023535756,-18513590643,-2,1]:[1802471179005358884,-308295023535756,-18513590643,-2,1]
[8978,1072,-3172,-464,493,84,-30,-4,1]:[8978,1072,-3172,-464,493,84,-30,-4,1]
[-173192439282777180,-1,1]:[-173192439282777180,-1,1]
[1048576,0,131072,-131072,24576,-36864,13312,0,256,-1024,96,-256,16,0,52,-36,6,-8,2,0,1]:[1048576,0,131072,-131072,24576,-36864,13312,0,256,-1024,96,-256,16,0,52,-36,6,-8,2,0,1]
[674,60,-59,-2,1]:[674,60,-59,-2,1]
[62419,93441,40171,-11530,-11753,-325,1333,98,-59,-3,1]:[69696,-44352,40104,-9864,7305,-1413,966,-57,34,-1,1]
[238,-70,-1,1]:[238,-70,-1,1]
[40320000,0,436560,0,1374,0,1]:[40320000,0,436560,0,1374,0,1]
[-4386439876536248546411757678209062950,484717424796236675907035892465,9081177022609608520976,-1712417289204442,-2,1]:[-4386439876536248546411757678209062950,484717424796236675907035892465,9081177022609608520976,-1712417289204442,-2,1]
[34559,0,17426,0,1983,0,78,0,1]:[34559,0,17426,0,1983,0,78,0,1]
[80925600,-505700,-1,1]:[80925600,-505700,-1,1]
[3709424549027768092355860027024,0,72749297721167523581540069920,0,525191773549427590686825048,0,1799862518061340012006656,0,3282277792743170048025,0,3388018501028613198,0,2074353496480071,0,767051272932,0,167922231,0,20014,0,1]:[3709424549027768092355860027024,0,72749297721167523581540069920,0,525191773549427590686825048,0,1799862518061340012006656,0,3282277792743170048025,0,3388018501028613198,0,2074353496480071,0,767051272932,0,167922231,0,20014,0,1]
[2,9,2,-6,-1,1]:[-4,3,7,-4,-2,1]
[2441918373252094894634663572323876299001358440528,-6067132747946632375968095714462837873785510248,4595731989982550111982173778198959051098224,-1021554332103862764677865709439773360182,59036470073075298557813848856566587,5401797356703115780229272930974,-590496399741428197792383771,-8233854033929511822462,1802804416901502360,3857662442328,-2256969185,-2,1]:[2438883750025179481294242922986396303620551890625,3031268498986982678718176177455286439184656250,3354208113894343541446096998014822795161250,519738983479298160335539178529445172000,75548967354219121337930487171020850,3871203134796430834736107075770,305508693800540663715998334,4114909400507802344718,1008805340308132182,3853148503952,1128484598,-2,1]
[3,0,55,0,17,0,1]:[43,-77,94,-35,20,-3,1]
[-1379,-331,-1,1]:[-1379,-331,-1,1]
[385000,0,4105,0,1]:[385000,0,4105,0,1]
[5308416,-24182784,114474496,-10697728,70437572,4821210,34135837,3330178,6145711,31272,702010,-4582,46875,-1424,2186,-54,59,-2,1]:[5308416,-24182784,114474496,-10697728,70437572,4821210,34135837,3330178,6145711,31272,702010,-4582,46875,-1424,2186,-54,59,-2,1]
[-173679864984,-65185566,-1,1]:[-173679864984,-65185566,-1,1]
[-2160271,0,1]:[-2160271,0,1]
[-4,-2,17,-8,-2,1]:[-4,-2,17,-8,-2,1]
[1564078157271184,0,2952531233788747,0,456713711322607,0,11763265914559,0,118012277539,0,582570385,0,1508125,0,1957,0,1]:[1336504689748125,-5266103139591300,5807598664427172,-1095428523832956,578928267028062,-37794288146040,13162328064828,-487156186164,126210674407,-2964409064,609566956,-9136628,1552498,-13748,1984,-8,1]
[759176819840407357974980606363172864,0,321170217599241237497435557724160,0,52270873055966441616948854784,0,4239493533760316855943168,0,184758378655083611136,0,4391280475037264,0,56869220040,0,376833,0,1]:[759176819840407357974980606363172864,0,321170217599241237497435557724160,0,52270873055966441616948854784,0,4239493533760316855943168,0,184758378655083611136,0,4391280475037264,0,56869220040,0,376833,0,1]
[-29877158124,-284729256,-686787,-4,1]:[10870990650,-26738538,-323561,-2,1]
[100407311196434,-2865720947,-28024287,-1,1]:[100407311196434,-2865720947,-28024287,-1,1]
[28900,0,120364,0,8429,0,166,0,1]:[160000,0,87300,0,7361,0,162,0,1]
[1,6,18,-2,-1,-2,8,-4,1]:[1,6,18,-2,-1,-2,8,-4,1]
[2,0,1]:[2,0,1]
[1001624584097177487400,-1108335551803209902320,278051695820718896808,39363280314859751344,3149302402178770424,19561283592855912,215405136278292,51775404011436,11870714163192,6247221836,61785034,6422550,8573769,2778,12,-4,1]:[1570516884060414431296,-835941675301922370032,222474043927471499522,40969309638689752546,3546018195590358033,59612594737091110,326329512034572,52428596555764,12145828969783,78129178232,115007058,6394574,8564487,20450,8,-4,1]
[3451,-421,-1,1]:[3451,-421,-1,1]
[64,-96,0,72,-36,-24,37,-12,-9,9,0,-3,1]:[3,-27,108,-258,420,-504,463,-330,186,-80,27,-6,1]
[254016,0,1010,0,1]:[64518,500,-499,-2,1]
[-1,3,2,-5,-1,1]:[-1,3,2,-5,-1,1]
[-47440,-10688,6584,328,-161,-2,1]:[-47440,-10688,6584,328,-161,-2,1]
[-589050,-1,1]:[-589050,-1,1]
[4717640768542495547753275206880807439291151465556286255100,-753906124722088877555974500005833279040,-1,1]:[-487477902839262353153415004504676883717213504,-1924293706753066367907322700246,-1,1]
[1,10,32,-115,488,-158,84,-512,20130,-31115,36183,-29630,20537,-11660,5731,-2199,715,-189,44,-7,1]:[961,620,-228,-1639,9316,-13514,17787,-13621,12709,-8426,6406,-4046,3162,-1990,1278,-604,268,-91,28,-6,1]
[-1149874774683750,7281717832425,71724479545,-47019366,-608852,-3,1]:[-1149874774683750,7281717832425,71724479545,-47019366,-608852,-3,1]
[1521,0,2584,0,606,0,44,0,1]:[2500,1000,200,-300,300,20,2,-2,1]
[906781137870110875832026385824979490000,-38842034104373174689759339924,-82320484547290005942,0,1]:[906781137870110875832026385824979490000,-38842034104373174689759339924,-82320484547290005942,0,1]
[1278,0,72,0,1]:[1278,0,72,0,1]
[6894,-492,3110,-64,607,-4,42,0,1]:[6894,-492,3110,-64,607,-4,42,0,1]
[55641163799046861,0,555955684623,0,1593763,0,1]:[55641163799046861,0,555955684623,0,1593763,0,1]
[-3704,2037,200,-104,-2,1]:[-3704,2037,200,-104,-2,1]
[-163840,593920,526848,-527808,-276120,172887,55923,-26087,-5334,1958,239,-71,-4,1]:[-163840,593920,526848,-527808,-276120,172887,55923,-26087,-5334,1958,239,-71,-4,1]
[21636,-20400,4913,375,-188,-1,1]:[-79150,-4625,6182,215,-149,-2,1]
[4510990057350331493667515650000,6211607063712239741173013696,-236145422140164144089616388,-235873439875490668344320,5027450812785533872065,3229931850748023160,-54938022855640421,-18401179770682,318630849300,34721420,-908785,-2,1]:[4510749635258584360017936793600,0,240416965363768982543053584,0,5126327848451838419217,0,55515896495273873,0,318701200932,0,908793,0,1]
[20,0,27,0,10,0,1]:[5,0,17,0,9,0,1]
[255406608,-1966830336,6912133056,-15097450032,23265409680,-27156750120,25199896548,-18820895052,11720711175,-5966445246,2592310375,-906005758,275284383,-62988024,13054806,-1657788,229281,-7842,903,-10,1]:[1046742352128,-10122485760,47334398976,-39240453888,1960760448,2356354944,1217244480,77207232,-192877440,10058976,1837264,515152,104040,-20440,1820,-828,263,-118,27,-2,1]
[269328,217224,74584,8998,403,-395,-40,-3,1]:[269328,217224,74584,8998,403,-395,-40,-3,1]
[-11608057594368249332625196663730471558406093241461869568,35564509575256206574563332087691180650482000128,86589594972295987044342709087705454976,-3619866001951210071877967584,-18795872470415627868,-3,1]:[-11608057594368249332625196663730471558406093241461869568,35564509575256206574563332087691180650482000128,86589594972295987044342709087705454976,-3619866001951210071877967584,-18795872470415627868,-3,1]
[5435388995169725886594218,72961212168707120444002,309453424398565097427,433601639905346242,187328089583721,-31267750562,-27709887,-2,1]:[5435208745072637405414400,0,180249909822927097216,0,187265526372708,0,27709893,0,1]
[3,15,28,15,-2,-3,1]:[27,-9,-6,3,-2,-1,1]
[-108,-1,1]:[-108,-1,1]
[5357622685291153614214865042,-8623485953586617869003525,89135841281044283250,155446797442656291,-199658703618,-730333215,-2,1]:[5357622685291153614214865042,-8623485953586617869003525,89135841281044283250,155446797442656291,-199658703618,-730333215,-2,1]
[1054031,-1824380,2675103,-1693467,1245624,372433,-182114,-19599,8772,281,-159,-1,1]:[14641,103818,529133,1418439,2006313,226101,95917,4434,1903,56,18,-3,1]
[1735279,2343005,1071078,-848675,-762433,92052,211879,-2899,-28745,-276,2063,37,-72,-1,1]:[1089936,-734976,1103224,-212496,451424,-79032,112026,-9870,15925,-2049,1206,-81,44,-3,1]
[49392,-2522,-1,1]:[-9450,-1047,0,1]
[12399804,-30261924,61416657,-80308881,91655998,-81551689,64967705,-42911127,25745719,-13118609,6124398,-2441047,896250,-278041,79809,-18740,4102,-678,107,-10,1]:[59049,-19683,19683,4374,9477,-2916,4374,729,837,-162,693,-54,93,27,54,-12,13,2,3,-1,1]
[-14,-17,0,1]:[-14,-17,0,1]
[18507667762556215882244832207397143895050240,-6922794488810447409606963801609214325760,1112570498908380146159933115067814400,-58734679656734403321469088874240,-32194859870208131389579623936,6752979181316928463022976,530834358447968119360,-232766868213648096,-75473901552696,20681698940,-2473686,-3,1]:[18507667762556215882244832207397143895050240,-6922794488810447409606963801609214325760,1112570498908380146159933115067814400,-58734679656734403321469088874240,-32194859870208131389579623936,6752979181316928463022976,530834358447968119360,-232766868213648096,-75473901552696,20681698940,-2473686,-3,1]
[2097152,-1048576,229376,-90112,35840,-14848,8640,-4000,1080,-232,70,-22,7,-4,1]:[2097152,-1048576,229376,-90112,35840,-14848,8640,-4000,1080,-232,70,-22,7,-4,1]
[-5,-9,0,1]:[-5,-9,0,1]
[101,76,28,25,26,-10,12,-3,1]:[25,25,10,-5,21,-11,6,-1,1]
[-155844909395504691281920000,0,56637922099054648800,0,-16921185690,0,1]:[-155844909395504691281920000,0,56637922099054648800,0,-16921185690,0,1]
[252304546101666435484922637,140402472090883479319079484,27681842944304338342638204,2216316350869102106475894,55418140134365940279810,-1504355663736679391562,-77515254764617996268,253296958363382092,35962527806127027,-2372880019738,-7785631785676,-2378098524,858551126,154898,-46776,-2,1]:[319815812628581550723993600,-83986068352917537034905600,17598479214572748053775360,-1189836303479009412925440,67448307300345910848256,-1329129454815628329600,39905000299598066496,-186392251049736960,18469400084856048,-17442164377992,3145996871236,15562656,391163238,37944,23397,-3,1]
[-99100,-4292,-1,1]:[-99100,-4292,-1,1]
[15943347163125088380044,-2153343351232584,-1,1]:[15943347163125088380044,-2153343351232584,-1,1]
[54698124029387500,-441368788600,-1,1]:[54698124029387500,-441368788600,-1,1]
[-1528708408,2804251172,771193546,-598082977,-84019173,46949663,3829414,-1751984,-83088,32820,832,-295,-3,1]:[-1528708408,2804251172,771193546,-598082977,-84019173,46949663,3829414,-1751984,-83088,32820,832,-295,-3,1]
[6933559824,0,1032039792,0,62070580,0,1927472,0,32568,0,284,0,1]:[2175012,412272,1587960,234992,270832,10240,-44032,-8592,6261,388,-142,-4,1]
[137529283834944,0,31206442212072,0,3059754684,0,97070,0,1]:[38177252100,0,1757611988,0,15215349,0,7944,0,1]
[-2788867122,-1,1]:[-2788867122,-1,1]
[49,-21,2,-3,1]:[25,-5,-4,-1,1]
[273,-36,37,-2,1]:[289,0,-17,0,1]
[-2,16,-39,26,13,-11,-1,1]:[6,4,-23,0,19,-5,-3,1]
[256,-66,-51,0,1]:[256,-66,-51,0,1]
[-1557240438880016,-25398986824,-1,1]:[1945534874860,-2784108376,-1,1]
[3581078557813424216522670114,-300392954333531450067,-184831360687247,-1,1]:[3581078557813424216522670114,-300392954333531450067,-184831360687247,-1,1]
[27,-12,36,-40,1,20,-2,-4,1]:[27,-12,36,-40,1,20,-2,-4,1]
[-1,5,-3,-7,0,1]:[1,5,2,-5,-1,1]
[64,0,0,0,0,0,-15,0,0,0,0,0,1]:[64,0,0,0,0,0,-15,0,0,0,0,0,1]
[49878698348163639890925887142115851181903284853459124224,0,429193401990144185433252468555958091969659404288,0,698806949047671065970971988136223047680,0,458996281905912181806050344960,0,140514312456066016320,0,19593966738,0,1]:[1300999074431332458967395217712646809351875232122066464,-53003241324731358100792178698024918263757578133248,-11704258238711614226004969645135321975671647152,278450465027995179791264466105178740721568,39209038132039587649271726530289741472,-360538861590274776345861580016064,-53845074257018698745104122136,169098818150037934956912,33953341688234716818,-25427187838016,-9637136847,-6,1]
[15,5,-10,-1,1]:[15,5,-10,-1,1]
[-20,-15,0,1]:[-20,-15,0,1]
[776161,0,5476470,0,12547553,0,11863964,0,5739482,0,1600296,0,272678,0,28868,0,1853,0,66,0,1]:[776161,0,5476470,0,12547553,0,11863964,0,5739482,0,1600296,0,272678,0,28868,0,1853,0,66,0,1]
[256,-512,384,-256,352,-320,176,-144,132,-72,44,-40,22,-8,6,-4,1]:[256,-512,256,0,112,-64,-112,56,17,28,-28,-8,7,0,4,-4,1]
[2502226506686360064001798175576490071613,-141494559394567398220308993218787225786,3098161526757120150847743459204482314,-31079459631630182189712128266201354,103254262879892657255001749561212,509126639281590869548206202244,-3964173300774297991766227484,-1784686433896867439025454,50329927820530405115277,-2416066384995088164,-306683846114102628,20077776894026,974162762104,-22551754,-1560830,-4,1]:[2431584525131676657979272170364337026921,69198361915499909107662825151834000518,1428166416937799533795978508476263904,15324348822248695387362993785702020,128351635078311471494702634096250,519685699255228942790848380730,2101355000885553039972904600,1291310207430405369322882,24807549301740404328363,216420947310441642,120706371131383320,-11866175569550,426589804690,-28795100,780424,-2,1]
[729,0,0,-216,0,0,37,0,0,-8,0,0,1]:[729,0,0,-216,0,0,37,0,0,-8,0,0,1]
[45,0,-16,0,1]:[45,0,-16,0,1]
[13448,242720,2190400,283464,17218,-9896,4436,162,8,-4,1]:[13448,242720,2190400,283464,17218,-9896,4436,162,8,-4,1]
[86451465137988464417506132829986028125,-5327676740721031868747919688968375,-503911623788662875902305925,143200027333734557452375,-15754023978320501,-754154245697,-3,1]:[86451465137988464417506132829986028125,-5327676740721031868747919688968375,-503911623788662875902305925,143200027333734557452375,-15754023978320501,-754154245697,-3,1]
[189364976162100650156552879504,32447263156459111724173,-2425008512011077,-1,1]:[-13479721143721106196162240,-36981246141735557464,-21335778397102,-2,1]
[14524158011475498861774,-17154201580335707,-379806423667,-1,1]:[14524158011475498861774,-17154201580335707,-379806423667,-1,1]
[-46,0,1]:[-46,0,1]
[1625625,0,2349775,0,1274545,0,328619,0,43279,0,2905,0,91,0,1]:[193600,0,1045476,0,1000960,0,303080,0,40556,0,2668,0,84,0,1]
[-350700,-37234,0,1]:[-350700,-37234,0,1]
[564269690880,0,7669330560,0,11712120,0,6030,0,1]:[564269690880,0,7669330560,0,11712120,0,6030,0,1]
[701342573055756356319091855937409600,0,3572635329087632134262040609,0,6241621357444324483,0,4298950307,0,1]:[328116269634798476084025600,0,880887836530952034436,0,350615859894489,0,35461974,0,1]
[42032318012008169472,0,2169581604911972352,0,41272468639580160,0,369314110734336,0,1678143267072,0,4086175104,0,5410500,0,3672,0,1]:[67827331454030208,-7890799579952256,-827835178697280,117950666017536,-5503984147488,3232952275104,561924741264,-455311418112,65871759160,-2297763416,27269236,-1713296,106330,-3698,-53,-8,1]
[10756,-39292,68298,-65990,53911,-27870,14065,-4410,1506,-280,67,-6,1]:[1296,0,-4788,0,16861,0,-2987,0,396,0,-23,0,1]
[-8479,0,1]:[-8479,0,1]
[10881639,0,48647680,0,61864334,0,38348447,0,13759587,0,3074891,0,440501,0,40397,0,2290,0,73,0,1]:[10881639,0,48647680,0,61864334,0,38348447,0,13759587,0,3074891,0,440501,0,40397,0,2290,0,73,0,1]
[12157665459056928801,0,10706338868921748,0,-152386425461304,0,450795891132,0,4505094126,0,7634268,0,-43704,0,52,0,1]:[12157665459056928801,0,10706338868921748,0,-152386425461304,0,450795891132,0,4505094126,0,7634268,0,-43704,0,52,0,1]
[48015,0,440,0,1]:[48015,0,440,0,1]
[-195,-1,1]:[-195,-1,1]
[-10,-1,1]:[-10,-1,1]
[5960424816826612808712520494545824978525224960000000000,32750951862912106201097680380190268168511160320000000,173975750894346115016485346988028514764647997440000,192099604427261336082901664933687777260711680000,468810470412824343489058463118497776178664000,265054776944613153406359235272819687954000,752720941982988127148378662664041835500,261856115907670429647573378743969350,731838258430796994823405902117615,66520642761370992459288701835,480533568404651033823039099,-6450502662274358218424,216652758669271549287,-26087438447145111,64416167442341,-5043329420,9875465,-729,1]:[12435460306140420773722098685788023307147456251429720064,46385493789795150935710366779670471816302952543389696,193246178135914921039262726648044964360258515497984,165341166985662436792036620979988850296650114560,478251224670946717660970813878386581229038592,269715712825949586445966045983475175480640,796586856382916637660857806256856811696,267748665802134209598631070931284344,735137541443338126948534987437576,114989713473666320051633274402,488248185104697093142855845,29926287727813394189086,207855501058230758064,-4126013489377434,62987711637977,-1080435524,9580220,0,1]
[2,-7,8,-2,1]:[2,-7,8,-2,1]
[-67,0,1]:[-67,0,1]
[12,-18,7,-1,1]:[9,3,4,-1,1]
[-480,-200,-1,1]:[-480,-200,-1,1]
[-19746,-1,1]:[-19746,-1,1]
[1,-6,20,-37,70,-52,113,-26,14,3,2,-2,1]:[1,-6,20,-37,70,-52,113,-26,14,3,2,-2,1]
[-41740581841336825200,15552740285075115,173858869026,-368471292,-2,1]:[-41740581841336825200,15552740285075115,173858869026,-368471292,-2,1]
[11,-4,-2,-40,61,-30,7,-3,1]:[25,-25,-10,5,11,-7,4,-3,1]
[61304581,-100515060,94256880,-48889964,12202947,-1014588,-78304,17796,-1521,-328,72,0,1]:[53608789,78801162,70241025,35544396,10116135,1894608,268814,21300,291,-186,-63,0,1]
[1,7,37,86,159,99,106,39,51,10,9,-1,1]:[1,7,37,86,159,99,106,39,51,10,9,-1,1]
[3,9,0,-27,6,39,-8,-36,31,-9,1]:[9,-9,36,-3,90,-36,40,-8,9,-2,1]
[1536640000,0,1387118656,0,424913120,0,50722996,0,2165456,0,39941,0,330,0,1]:[308213136,0,698155096,0,346644641,0,49076817,0,2095502,0,38486,0,321,0,1]
[-55893200460,-1,1]:[-55893200460,-1,1]
[3311856,3448044,1245327,-1971,-2228,-1,1]:[4410000,-2341500,1245325,-3085,1116,-1,1]
[112,0,925,0,2795,0,3942,0,2834,0,1095,0,228,0,24,0,1]:[112,0,925,0,2795,0,3942,0,2834,0,1095,0,228,0,24,0,1]
[142,0,35,0,1]:[142,0,35,0,1]
[81,0,36000,0,117844,0,109032,0,43602,0,8704,0,912,0,48,0,1]:[81,0,36000,0,117844,0,109032,0,43602,0,8704,0,912,0,48,0,1]
[378190789401136829244828954062196576139569892,61121782362933043419898841928827886794278,69948603455847220728144145479008692391,-4534498323363422115848616176101459,7651160135090810441080337716485,-331659124372742648892269406,343281093137897240717349,-19099491156438776205,10834292296706415,-270189190516,117976805,-5,1]:[378129347715965454142223159321372485712250000,-61371733273069600926882650607234605715000,69956394815870119775406322915402569100,4504159747868039957975533307432060,7649708621382167176411171932876,329537400910718438394366276,343214412223651714356768,19037644959322161600,10833077684105469,269245376175,117976788,-1,1]
[97599621,12719196,-12183950,-1069056,530939,4304,-1430,-4,1]:[2994278400,0,36881280,0,399556,0,674,0,1]
[5542254,1885473,-29327,-1,1]:[9242158,-590047,-15567,-1,1]
[342121438903309,-436850501023680,123598870514105,41751768848400,2301693659922,-94259853000,-7873252871,70508520,9527886,-17400,-5059,0,1]:[342121438903309,-436850501023680,123598870514105,41751768848400,2301693659922,-94259853000,-7873252871,70508520,9527886,-17400,-5059,0,1]
[10562500,0,1651900,0,45429,0,382,0,1]:[14017536,0,1508868,0,43209,0,378,0,1]
[955,-5345,13060,-18030,15696,-9225,3864,-1185,266,-50,14,-5,1]:[1681,-3403,4710,-4010,2681,-1230,651,-175,51,-5,5,-2,1]
[1934136,0,49236,0,398,0,1]:[1934136,0,49236,0,398,0,1]
[77364134298988599538682120068375572228476445570674492064114451996494328277050265388831473664,0,270952109065826355731877180856825003931905061582042952366816387671378980227072,0,354273534236789791253997930754739808620085299267256367380614400,0,230185170732724410795026448724400593513998407880,0,79774656232826407044095203985100,0,14108330353606742,0,1]:[9602706023075767706911011299590355119560243989271714804772163546178499104,-134014543756379965178465001185159538131213251313119878394810268265600,282737143652916389835353290322198156651326573171799401156132752,1310949297215602643398094581933719870534700593265686463200,810102905086599774770152491233547028103283092412210,-680645449239494504366533929434671491427403800,-652336331466579003044403384744048114975,118574816706788316947320638999500,181268291663991028872975340,-6830488685350293550,-22056373093508,0,1]
[1,0,43,0,285,0,579,0,419,0,133,0,19,0,1]:[1,0,43,0,285,0,579,0,419,0,133,0,19,0,1]
[487116,68790,-4674,-730,0,1]:[487116,68790,-4674,-730,0,1]
[256,0,-736,0,3825,0,1246,0,195,0,14,0,1]:[256,0,1904,0,3105,0,-1799,0,360,0,-31,0,1]
[281474976710656,-13194139533312,755914244096,608811614208,-7499415552,7854882816,885981184,-28667904,24687872,-447936,216304,29964,-447,567,11,-3,1]:[206161212459445,15986651928135,1712647133330,-448299413930,34408048994,-8558999923,626274432,-116275535,46850799,-1105435,466168,-61783,4390,-834,26,-5,1]
[8433952762572,797316857352,18932951000,-5520064,-275145,-2,1]:[8433952762572,797316857352,18932951000,-5520064,-275145,-2,1]
[-135,-50,0,1]:[12,-13,-1,1]
[16129,0,-251,0,1]:[15876,126,127,-1,1]
[1,0,18,0,23,0,9,0,1]:[1,0,18,0,23,0,9,0,1]
[21787800640763541494809787109922353697670834662177873412522465201609328888595539,-5330221347311032249170315139731087900972769188936273484032868167304206954,-2216806261620497222848185602416265520375406824984471823704707863209,312089628253662716314660847322860904462503804050480768359942,-266685461167446171629730491428873991372273346842051121,44973354524160952753795997395937268683777420364,14162008874907592071960577451442416264418,1092080285293007723845824095571612,2220431721571434431490747381,2755741983076836414,81796416621951,-2,1]:[1199548752432745427246605416434573154695668334588236576628989738770132624,-1537872721566138972147440121065963111772103154376745702216492397376,-12194525790280880371384161984159130468823163333646240918153856,8048210286497041583739349497021930452769074656087127360,44348487170453314061900380305377631857988258281832,-6440446149183614544513424948577122002139232,-59018181567570243207159656766276287464,1024718590357036832142920669184,35650700063769555907661633,77357516578295788,-9811531087386,-4,1]
[9,-27,90,-75,162,-75,217,-45,118,-3,47,0,8,0,1]:[9,-27,90,-75,162,-75,217,-45,118,-3,47,0,8,0,1]
[-59049784518,-440166658,-902143,-2,1]:[970577792,-91595104,-468162,-2,1]
[16,-24,12,6,-11,3,3,-3,1]:[16,-24,12,6,-11,3,3,-3,1]
[16777216,0,217088,0,144,0,53,0,1]:[16777216,0,217088,0,144,0,53,0,1]
[9604,0,22148,0,2405,0,86,0,1]:[63406,-11916,18998,-1152,1871,-36,74,0,1]
[743506423441752082990459892962699534166648376089036413851920600,-95180356527666947311837742993265789271936632442,-96867399177101683610449762827429,-2,1]:[743506423441752082990459892962699534166648376089036413851920600,-95180356527666947311837742993265789271936632442,-96867399177101683610449762827429,-2,1]
[74,-30,-1,1]:[-2,-11,0,1]
[-1,-5,-6,0,1]:[1,1,-3,-1,1]
[1,0,15,-16,198,-132,437,-138,582,-156,438,-93,231,-51,72,-14,15,-3,1]:[1,0,15,-16,198,-132,437,-138,582,-156,438,-93,231,-51,72,-14,15,-3,1]
[398161,0,-1259,0,1]:[396900,630,631,-1,1]
[-108500,-6045,0,1]:[-108500,-6045,0,1]
[872452335304704,-36793730914304,65268605952,8013742752,-2029324,-178974,0,1]:[872452335304704,-36793730914304,65268605952,8013742752,-2029324,-178974,0,1]
[-363271614,-1,1]:[-363271614,-1,1]
[435,0,2030,0,3234,0,2441,0,974,0,210,0,23,0,1]:[435,0,2030,0,3234,0,2441,0,974,0,210,0,23,0,1]
[255833469680006820326372981449092081940103267780744493790165668482111002000,-7683559848849193229476466916913304588299292143068183374571945265139520,50120018640480674262830413280824237292273670982238058298386426352,536297583628201617474601580205890017125425595598628157309088,-6492162111304752348602933910613979358359333555095426536,-10617272630218016578595354492520493458259873490960,288599655833977953403096213418323399210031192,-25392593481891607737837806037451170456,-6550413911567641208815828102107943,2447103581876445053720204480,79896819179445445324155,-12629082038305432,-462494431421,0,1]:[255833469614744961791313346876840513221519033045138726117166892345155424256,0,65261858528859447909177410314772968271928477683270727732026368768,0,6200186662791536553158672634794070633909002305956252336,0,282621850645963668114818581607883816646082385,0,6630160768320877391980524409392980,0,79896819181295423049846,0,462494431428,0,1]
[81,0,20,0,1]:[81,0,20,0,1]
[4,3,-5,-1,1]:[4,3,-5,-1,1]
[912648318575338,-11814245420938,38173908429,60809940,-391068,-2,1]:[173683668788100,0,30638651521,0,350078,0,1]
[-13759704,-915189,-15587,-1,1]:[-13759704,-915189,-15587,-1,1]
[161519596426030990,-560718592447,-1,1]:[161519596426030990,-560718592447,-1,1]
[225324,-8670,-249337,-17272,12647,554,-203,-4,1]:[225324,-8670,-249337,-17272,12647,554,-203,-4,1]
[-490,-303,0,1]:[-490,-303,0,1]
[1521,0,143,0,1]:[1521,0,143,0,1]
[-22,-19,-1,1]:[-22,-19,-1,1]
[78412,0,91813,0,6639,0,151,0,1]:[78412,0,91813,0,6639,0,151,0,1]
[-1139917559892,-1,1]:[-1139917559892,-1,1]
[-255552,-7662,-1,1]:[-19932,-2132,-1,1]
[18650889898680861,325137560322006,12948062798686626,14553090789354486,3977561194282656,-102510287035836,-66419371649012,-183083153378,439737415833,3384184196,-1490360620,-11251890,2738252,15614,-2598,-8,1]:[683643854869056,-4628457422701056,29709621477714456,-11057529820868736,4041550479749833,-131063526625884,33466187997381,-538366712748,197936317446,-1472178324,572597881,-2683704,1206654,-2712,1317,0,1]
[-55116288880455157487407822538566445778,-36160522558186191271192658887387461,-3174581144385361753066233374355,4082352727639138448493303,670605742739552384493,-82827252412911,-45760607433,-3,1]:[-55116288880455157487407822538566445778,-36160522558186191271192658887387461,-3174581144385361753066233374355,4082352727639138448493303,670605742739552384493,-82827252412911,-45760607433,-3,1]
[13256192,-3123712,-344224,78000,2328,-538,-3,1]:[13256192,-3123712,-344224,78000,2328,-538,-3,1]
[81,0,18,0,-3,0,2,0,1]:[81,0,18,0,-3,0,2,0,1]
[390625,0,-31250,0,-10000,0,850,0,358,0,34,0,-16,0,-2,0,1]:[390625,0,-31250,0,-10000,0,850,0,358,0,34,0,-16,0,-2,0,1]
[9593572,7851800,-4922724,-5195240,1041642,1594416,-108722,-301196,4413,38912,10,-3564,48,224,-12,-8,1]:[1679616,0,-1306368,0,672624,0,-194544,0,40705,0,-5404,0,519,0,-28,0,1]
[3785122837718016,5855413040320,-1734046376,-4795674,-2,1]:[3785122837718016,5855413040320,-1734046376,-4795674,-2,1]
[9,0,-135,0,1980,0,-669,0,180,0,-15,0,1]:[9,0,-135,0,1980,0,-669,0,180,0,-15,0,1]
[2061332118756,0,1337781134097,0,83428753684,0,2168372312,0,28913050,0,205312,0,728,0,1]:[6531254919424,0,1658451585508,0,92916575085,0,2302194203,0,29788577,0,207381,0,727,0,1]
[1024,-512,-256,384,-64,-160,112,24,-68,22,23,11,-17,3,7,-5,-1,3,-1,-1,1]:[1024,-512,-256,384,-64,-160,112,24,-68,22,23,11,-17,3,7,-5,-1,3,-1,-1,1]
[644817501068049,0,3897058654584990,0,1493600812100613,0,206956190565216,0,13468910735790,0,447937704828,0,7839705186,0,74304096,0,380137,0,982,0,1]:[1737889344,-8992601856,35733641184,-60940315008,82531190304,-8619143040,17312322168,-1371706272,2361218616,-100806624,184379878,-8248424,10152345,-317788,347930,-9900,8495,-148,114,-2,1]
[671013222934908744,-80689582316026464,1503615506314108,58121417154328,345359542658,-97978832,-1172395,-2,1]:[671013222934908744,-80689582316026464,1503615506314108,58121417154328,345359542658,-97978832,-1172395,-2,1]
[522330159,190778016,-131166737,-89994170,38178040,4324956,-1884533,-80582,36940,660,-317,-2,1]:[376049664,-17607936,117467344,11279220,32941305,1231594,947932,968,19885,20,164,-2,1]
[1,0,13,0,9,0,1]:[1,0,13,0,9,0,1]
[144,144,276,-84,133,-2,15,-2,1]:[144,144,276,-84,133,-2,15,-2,1]
[-2950660240178262619873574878978206768132239832981374840,-4576193448696519072525616011222933826,-1,1]:[57884597057386999870950656031016171116039811280784,-4252815575820685539018836583104304,-1,1]
[1,5,-12,-1,1]:[1,5,-12,-1,1]
[47111,-55086,49454,-275986,475146,-485188,389606,-220458,124322,-45112,19556,-4602,1601,-224,64,-4,1]:[14641,0,7986,0,64372,0,-62832,0,24225,0,-1488,0,227,0,-21,0,1]
[-1014330336272806506941113704000,6133371985449746875715850,459995603013331513785,-655176631921584,-43635359522,-2,1]:[-1014330336272806506941113704000,6133371985449746875715850,459995603013331513785,-655176631921584,-43635359522,-2,1]
[4296448,6010144,-12648832,-14196536,11015088,8028444,-3968456,-1913798,712464,221305,-69108,-12946,3627,367,-96,-4,1]:[4296448,6010144,-12648832,-14196536,11015088,8028444,-3968456,-1913798,712464,221305,-69108,-12946,3627,367,-96,-4,1]
[192,0,1872,0,6120,0,9561,0,8244,0,4212,0,1305,0,240,0,24,0,1]:[192,0,1872,0,6120,0,9561,0,8244,0,4212,0,1305,0,240,0,24,0,1]
[-3607234048,-77567744,11581748,33512,-6497,-2,1]:[-3607234048,-77567744,11581748,33512,-6497,-2,1]
[6,0,12,0,10,8,0,-4,1]:[6,0,12,0,10,8,0,-4,1]
[8077617181385444,-341671644076,-214954323,-2,1]:[8077617181385444,-341671644076,-214954323,-2,1]
[205,-430,380,-190,66,-18,4,-2,1]:[121,0,66,0,16,0,1,0,1]
[-45,-26,0,1]:[-45,-26,0,1]
[69,0,18,0,1]:[22,4,12,-2,1]
[-6,-15,-1,1]:[-6,-15,-1,1]
[64,0,0,-8,0,0,-7,0,0,-1,0,0,1]:[64,0,0,-8,0,0,-7,0,0,-1,0,0,1]
[251,193,-119,-136,39,32,-6,-4,1]:[121,88,100,28,19,2,5,-3,1]
[5248152855310711824,0,4581769466,0,1]:[1312038218409447426,2290884728,-2290884727,-2,1]
[16,0,12,0,6,0,3,0,1]:[16,0,12,0,6,0,3,0,1]
[6572500928,0,1698869760,0,136195712,0,4481680,0,64852,0,420,0,1]:[102695327,0,53089680,0,8512232,0,560210,0,16213,0,210,0,1]
[-9587905498726260,-1,1]:[-9587905498726260,-1,1]
[1,11,-10,-1,1]:[1,11,-10,-1,1]
[5472,1032,-288,-1,1]:[5472,1032,-288,-1,1]
[49,0,254,0,459,0,352,0,119,0,18,0,1]:[1,0,22,0,111,0,152,0,83,0,18,0,1]
[209904106300655937933,-5143119123049961844,-650296193022072485,11085533565492258,815061994584130,-7945885351592,-499521693473,2123063206,150860146,-126896,-20309,-6,1]:[206636219229734030025,2892184322477465880,376701330885210661,-1421321152056072,423936076682002,-1418140039384,222057453949,-1362528496,79937698,-228496,10165,0,1]
[1251586777359734338812,-3137693725098296,-87569988684,0,1]:[2766758873444574525,-92200173108648,-7545093553,0,1]
[1,0,32,0,278,0,649,0,685,0,379,0,113,0,17,0,1]:[1,0,32,0,278,0,649,0,685,0,379,0,113,0,17,0,1]
[25,0,-8,0,35,0,10,0,1]:[25,0,-8,0,35,0,10,0,1]
[64,0,17,0,1]:[64,0,17,0,1]
[109872,-5238,-1,1]:[109872,-5238,-1,1]
[19612147050000,30022336029600,22089111333488,7584696793232,1417701514924,156348224072,10295604932,372118748,4351745,-153292,-4950,0,1]:[1266594003777600,655787408571360,169769130423048,18403956041580,1069140197385,18919491948,199718280,19001682,1941259,21982,2,-2,1]
[13250952,0,1247497,0,2224,0,1]:[4304178,0,1229881,0,2218,0,1]
[183736925652,-89248005078,11116520983,587422571,-152323571,-722050,741286,428,-1457,-1,1]:[761760000,1034227200,1399072384,30575648,16136944,23608,146753,61,430,-1,1]
[-1,-12,-33,-19,0,1]:[-8,20,18,-14,-1,1]
[3,-1,1]:[3,-1,1]
[4,-2,-1,-1,1]:[4,-2,-1,-1,1]
[-307884506071116201973147668147445395226889815354354879854936428543040000000,-22229887142228458796252988802439521676474152700269957199337216000,279281791704958898864599523700074819155269601767891200,31059897080319915638643182637756229647754240,-66055053258026070399445604207728,-10699897415197716153848,-1,1]:[-307884506071116201973147668147445395226889815354354879854936428543040000000,-22229887142228458796252988802439521676474152700269957199337216000,279281791704958898864599523700074819155269601767891200,31059897080319915638643182637756229647754240,-66055053258026070399445604207728,-10699897415197716153848,-1,1]
[729,0,-81,-324,-18,18,87,6,-2,-12,-1,0,1]:[729,0,-81,-324,-18,18,87,6,-2,-12,-1,0,1]
[-19,-15,0,1]:[-19,-15,0,1]
[706,1044,1489,38,53,64,-9,-2,1]:[706,1044,1489,38,53,64,-9,-2,1]
[9,120,-205,-433,363,447,-277,-189,103,33,-17,-2,1]:[9,120,-205,-433,363,447,-277,-189,103,33,-17,-2,1]
[98107251202839745782465993,-20531396375515377799207614,21526132554186601663341675,-1999034605420313676622866,1023462931101260358262167,-28846866313126265371668,9802743840937104616458,-160926417002927725812,40902868353742945173,-448782146341947402,91030450523306437,-696546556495822,117447037311501,-626952999324,90374025882,-324127548,40767807,-88950,9915,-10,1]:[59348899944549565171293124,0,22772285013675084656406191,0,1016547159346572680888121,0,9750032167348768665084,0,40615438428348034476,0,90155066123992770,0,116167273852206,0,89424581388,0,40416552,0,9863,0,1]
[8491779897646984436238143810018,520779782850147303625778899582,8225152470021447829055504389,-40127717581201419567749580,-1459127927526062393721444,183128842902388721634,97823130820277122023,25578550242351960,-3060556329978366,-462681005214,47642329587,2413620,-354208,-2,1]:[8484029084015876402584471207936,0,7749363027207208037244731392,0,1450505914836224854327296,0,97982926395671183360,0,3062948254140560,0,47647865256,0,354217,0,1]
[12173460045273257880973824,1893846760763995968,-13737637404392,-1,1]:[12173460045273257880973824,1893846760763995968,-13737637404392,-1,1]
[1533,1899,1390,57,-68,-3,1]:[1764,-1554,1369,-84,37,0,1]
[821047,205270,120841,16258,2614,10,-35,-2,1]:[821047,205270,120841,16258,2614,10,-35,-2,1]
[69518328,2330032,-40816,-1,1]:[69518328,2330032,-40816,-1,1]
[1329886600994336102239866,137531068711206260881,-142880248812560,-26764488186,-2,1]:[1329886600994336102239866,137531068711206260881,-142880248812560,-26764488186,-2,1]
[289,0,-31,0,1]:[256,16,17,-1,1]
[34596,0,84236,0,44345,0,9728,0,1030,0,52,0,1]:[34596,0,84236,0,44345,0,9728,0,1030,0,52,0,1]
[16,68,241,300,352,-106,139,-12,13,-1,1]:[16,-76,389,53,231,2,95,6,14,-2,1]
[1475523,2111463,950907,-37200,-122435,-11139,6747,358,-141,-3,1]:[1982464,-1272832,870720,-174032,66932,-2412,4610,-2,75,-1,1]
[17464,35808,-60378,-67683,43145,25823,-10250,-3625,1114,209,-56,-4,1]:[4096,-21664,-27184,23392,26568,-7594,-8767,875,1160,-31,-60,0,1]
[1835779716,0,983303384,0,100648268,0,4103612,0,74137,0,532,0,1]:[1835779716,0,983303384,0,100648268,0,4103612,0,74137,0,532,0,1]
[-36042,-1,1]:[-36042,-1,1]
[147011,0,321122,0,225169,0,73459,0,12560,0,1156,0,54,0,1]:[147011,0,321122,0,225169,0,73459,0,12560,0,1156,0,54,0,1]
[-38292,-1,1]:[-38292,-1,1]
[3361,-2131,3986,95,-124,-1,1]:[225,-945,3984,33,64,-1,1]
[138136,0,30280,0,2410,0,82,0,1]:[5762,-3014,3611,-856,419,-50,43,-4,1]
[31616997813655668,-802096030557765,15101451375489,-180067834748,2540283092,96647426,-743866,708,752,-5,1]:[31616997813655668,-802096030557765,15101451375489,-180067834748,2540283092,96647426,-743866,708,752,-5,1]
[683634514086121701376,0,99871392573447995392,0,5728164548586995712,0,168638304349949952,0,2831093596184832,0,28567870145792,0,177410920672,0,677991392,0,1545857,0,1922,0,1]:[683634514086121701376,0,99871392573447995392,0,5728164548586995712,0,168638304349949952,0,2831093596184832,0,28567870145792,0,177410920672,0,677991392,0,1545857,0,1922,0,1]
[31,0,12,0,1]:[31,0,12,0,1]
[6559,7841,4448,-49,-130,-1,1]:[8100,-5940,4446,-114,67,-1,1]
[7803,0,117585,0,286092,0,297181,0,162477,0,50457,0,9065,0,918,0,48,0,1]:[8427,0,96435,0,277917,0,313396,0,176517,0,54576,0,9539,0,936,0,48,0,1]
[19744987272975,-29992341642210,18451328892021,-4671908401284,361272300216,23090150610,-2335443383,-37473088,4673492,22370,-3679,-4,1]:[4089842896896,5939576563968,7281700309008,1967575859568,456730004116,8299724444,1247863105,11305015,2735534,9475,1846,-1,1]
[1412,118,-90,-1,1]:[1412,118,-90,-1,1]
[144,-552,2116,-24,46,0,1]:[144,-552,2116,-24,46,0,1]
[61552,0,265136,0,121092,0,21612,0,1805,0,70,0,1]:[61552,0,265136,0,121092,0,21612,0,1805,0,70,0,1]
[-107305002,-1,1]:[-107305002,-1,1]
[418481574463584225427208493665516858539,-2929282957139045743309275611465529555,23017924651248769146063128091845886,-73358318514815867981859429254589,-99371102878138962515501342547,-9641315532311939919360675102,122870157095864317232711469,-1100373586266405338749467,3844479353276808609951,-8448810527649858254,16374379194696861,-1668419818740579,13942070739711,-101959753374,111145335,574107,11466,-3,1]:[509124428231845741843354914816,-27752683555942427274093416448,2230089777778315585177946880,-63771408492265881257702400,3529201619931424049595024,-74633635111431112965576,3728902871891255011524,-54703995101954277264,2534057592094906920,-23804226419502132,1267481818407888,-6535667574918,420125298345,-506921034,100210990,-30862,12126,-4,1]
[529,2047,5418,9922,13890,14297,12236,7095,3056,427,-265,604,115,-451,289,-52,51,-66,35,-9,1]:[529,2047,5418,9922,13890,14297,12236,7095,3056,427,-265,604,115,-451,289,-52,51,-66,35,-9,1]
[12672344546175605353720999062355674366383708363082616682612717053965487215506045460059499266594553942878126208318153957104,32694970027914790282759391276494307924918275054496173272239559159743090060384781304242196395040452,-663054327989984031263910898955498463646381601719273908968993701572322004,-14930887963818801660843460232996820284102991119353,0,1]:[12672344546175605353720999062355674366383708363082616682612717053965487215506045460059499266594553942878126208318153957104,32694970027914790282759391276494307924918275054496173272239559159743090060384781304242196395040452,-663054327989984031263910898955498463646381601719273908968993701572322004,-14930887963818801660843460232996820284102991119353,0,1]
[1396706456605336321,0,-15698448440538506,0,231971217592597,0,-5170973407538,0,57764316364,0,-328438862,0,1002637,0,-1574,0,1]:[209051211098361856,0,-17056385391365696,0,701493741147364,0,-10937417469260,0,88188665665,0,-406721600,0,1093114,0,-1604,0,1]
[-537281468241677274907117754650071394471348636335648380,-1474726162079412556449446809828671796,-1,1]:[-6892929419091613577369658768797830420973359690590,-690323389266118791065994822257059,0,1]
[-807770552416868118901430529297389428488132871387528785766500000,29020297447198551468746439275000432125446105136362000,4193489142968081181938044545369956270281920,-31762870953830192538891805967416,-4537016305842872569002,-3,1]:[-807770552416868118901430529297389428488132871387528785766500000,29020297447198551468746439275000432125446105136362000,4193489142968081181938044545369956270281920,-31762870953830192538891805967416,-4537016305842872569002,-3,1]
None
[172607524800,-147804080,-1,1]:[172607524800,-147804080,-1,1]
[15273098,-336342,8133,-7318,108,0,1]:[15001480,-343736,742,-7394,107,0,1]
[5202,0,467,0,1]:[5202,0,467,0,1]
[3,0,6,0,1]:[3,0,6,0,1]
[-313153613520,-1,1]:[-313153613520,-1,1]
[-2524328409129404553896092047511608827722743604796376609,273727114531409743323103413202783094829564318,9386402273580627431383181760810386199,1446248562993866735944827084,-6744422667682415991,-2,1]:[-2524328409129404553896092047511608827722743604796376609,273727114531409743323103413202783094829564318,9386402273580627431383181760810386199,1446248562993866735944827084,-6744422667682415991,-2,1]
None
[-15489720946602,-1,1]:[-15489720946602,-1,1]
[625,0,1125,0,900,0,395,0,11,0,-49,0,-4,0,1,0,1]:[625,0,1125,0,900,0,395,0,11,0,-49,0,-4,0,1,0,1]
[8344346295346889736568833773199553867059324685623366999244958970370184613498924080000,-267438989339241100691325787256249213813611262070730789808009275885909540375,-41535284649803415792616848697478658456088440944232138022154850,157891699205118097436034170879280813058779139045215,4065650686588399188335053138814569476,-23142309993102244333106217,-2,1]:[8344346295346889736568833773199553867059324685623366999244958970370184613498924080000,-267438989339241100691325787256249213813611262070730789808009275885909540375,-41535284649803415792616848697478658456088440944232138022154850,157891699205118097436034170879280813058779139045215,4065650686588399188335053138814569476,-23142309993102244333106217,-2,1]
None
[-2618930133571443341824112535603599769371248368963932100,-11486381077355353163562784363411435880,-1,1]:[-2618930133571443341824112535603599769371248368963932100,-11486381077355353163562784363411435880,-1,1]
[-34745464,-204497,0,1]:[-34745464,-204497,0,1]
[7168,-706,-1,1]:[1148,-384,-1,1]
[63,-198,411,-525,529,-374,218,-86,29,-5,1]:[9,-21,64,-1,64,-19,34,-4,7,-1,1]
[-89530,-1,1]:[-89530,-1,1]
[2052,0,7296,0,6813,0,2636,0,462,0,36,0,1]:[2052,0,7296,0,6813,0,2636,0,462,0,36,0,1]
[-120527,-24984,-1340,0,1]:[-120527,-24984,-1340,0,1]
[1,0,96,0,892,0,1960,0,1858,0,880,0,212,0,24,0,1]:[1,0,96,0,892,0,1960,0,1858,0,880,0,212,0,24,0,1]
[764124752016,-7197846768,108132350,1863692,-8787,-2,1]:[788142376800,-7180095600,107861490,1809980,-8797,-2,1]
[250851218720256000,0,131733035896000,0,24769850,0,1]:[250851218720256000,0,131733035896000,0,24769850,0,1]
[-10605,-1,1]:[-10605,-1,1]
[2103506496,27353289600,177846480000,235144077504,158658808624,21034904256,2297014848,3105930144,3337033804,232107192,1054152,-1643220,8376897,106320,0,-1452,5446,0,0,0,1]:[2103506496,27353289600,177846480000,235144077504,158658808624,21034904256,2297014848,3105930144,3337033804,232107192,1054152,-1643220,8376897,106320,0,-1452,5446,0,0,0,1]
[77598481,0,-4140718,0,74739,0,-478,0,1]:[73410624,2056320,2105352,-23088,49033,-2,243,-2,1]
[6059395276689883547331396,-8410094250198512820000,-25659229618759655524,19832313245955600,38618090622117,-3416571600,-11609466,0,1]:[6059395276689883547331396,-8410094250198512820000,-25659229618759655524,19832313245955600,38618090622117,-3416571600,-11609466,0,1]
[-28488043486958474140748533046715897676639215545672577888,-18211993114041845378115260026648730540,-1,1]:[96151911276336178617169972111619744043384,-4283776655133851540315832294,-1,1]
[210157375523369156,2492797715746105302,8553148575870654100,10766105814530150769,4162079532005838407,-397730818944482598,-210486334380342574,4089493775037394,4006731223301074,-2769070830674,-39921377377038,-214914822204,232842240056,1598029822,-824233578,-5171970,1744106,8100,-2030,-5,1]:[210157375523369156,2492797715746105302,8553148575870654100,10766105814530150769,4162079532005838407,-397730818944482598,-210486334380342574,4089493775037394,4006731223301074,-2769070830674,-39921377377038,-214914822204,232842240056,1598029822,-824233578,-5171970,1744106,8100,-2030,-5,1]
None
[4,-6,23,9,52,-5,27,-5,12,-3,1]:[9,-3,31,-20,99,-49,44,-10,9,-2,1]
[23017298368465517846393681514647111011961571982821687698340563532095256697219916978911938492164487665244140625,100852694370607532009797567640928569855493144706980611110154728949841082500760995743994371994055754296875,473497318335846044242772251858226177419724234433771819555261970099969992168318933752056134735562500,372678441669449750279832153324209630552819985853323256364029426251122105563995803908021415625,1152836989315824132930898529855402380062619686834464718887740012046363818037263555462500,457760513147616283089296628312574455392675151188176496853702563734788592013835375,1983978897455225632697468944807303355774150809634446723400907559124698843875,366955089801986881535743473664593288786863661089321878902134746205190,1703840039415463715669284921180404404423996490342215894735695404,134514541592059313242411680615585556571598464063920568106,1050626655558229460432346912726671145299441821768500,35546210001786264955486037323801133547514518,377341106079229479243366772896520731963,4602560722781310233308663321167,96764859170944246275302592,416173244857282029,11745557663512,-5,1]:[23017500074232953446052103738042226215081346447263067483211876968185685598428755798808236079595279217672691264,-100853073064598092269722472095667786557967533445631793728463653462034121983140700382631004679502286201920,473497669657470799956721984058519007699707402380432307597600684826740301389128147321563658652528576,-372677325788892547650027806765873582006893282282595990853722480610181799787586509348620759136,1152837177807154985990174228986104009422646775914584970037695464918060662895441950884976,-457761226808955817186139985588655569444973622431804825932420624251761433241101960,1983979450446245582602321254984352480537834511274210010613285009645960484060,-366955313839675817891231976133114553913059497106032149926908248559576,1703840197865416451185909352681793152644263878882430808817253158,-134516291517181571210778357336472627835376408598108529704,1050626769044558234379655643101811165977253443031351,-35547022534908745389804528665928235922383486,377341123474845036498342458958983284659,-4602990917222799108498374432054,96764862292472621079356200,-416231972645599560,11745557663507,-4,1]
None
[427470919248732074076633869203248623661283803136,0,32984602756259609938284559933865218640183296,0,953565710011730118074781861973021687808,0,13426672974232573267555064043536384,0,106110971987870688249520324608,0,503801855849308284211200,0,1466969436550100672,0,2562409527572,0,2462323,0,1]:[11167161824032491691536519355527938682323672550,18654405909280929982036565546610648449928195,48091532628260608859490479800526536345881,76947995301562286140046336138341469136,549926815353301601120519857292203016,519691009395139192348869923409500,3692030029103857850244197099764,-3320259726014578433184724576,5450599430423515464504948,40535089189474502826298,120201847517942866766,-357405311331308144,1282552613221672,200114147308,12547055140,8321408,52982,-5,1]
[83498901923489429724768239616,0,3439611247003519915627905024,0,45199840740075462544588800,0,253269974054025194176512,0,688469538979210512384,0,984252372644667392,0,798797228449172,0,381624340940,0,106299073,0,15970,0,1]:[83498901923489429724768239616,0,3439611247003519915627905024,0,45199840740075462544588800,0,253269974054025194176512,0,688469538979210512384,0,984252372644667392,0,798797228449172,0,381624340940,0,106299073,0,15970,0,1]
[11581,19840,24614,14384,3039,-248,-110,0,1]:[144,-816,5284,3788,2877,246,59,-2,1]
[-112720602490260,-134268928259,-41194681,-1,1]:[3742929795816,-18829544346,-16129289,-1,1]
[-125907075529652736,5825636430431616,112528670195520,-5434628002272,-12830529264,897751800,406204,-52410,-3,1]:[-125907075529652736,5825636430431616,112528670195520,-5434628002272,-12830529264,897751800,406204,-52410,-3,1]
